     X             Y               E
=======================================
-0.9906		0.1169		7.8068
0.3638		-0.5232		4.2474
0.4977		0.7122		1.8386
0.6824		0.4966		0.4717
0.7041		-0.0767		0.0301
0.7583		0.4701		2.5257
-0.9473		0.3557		3.2542
-0.7595		0.0581		8.3184
-0.4358		-0.6947		9.0519
-0.6630		-0.4594		1.4687
0.4914		0.5040		3.0307
-0.3870		-0.1119		8.0408
0.4354		-0.4581		0.2602
-0.0332		0.5482		2.5228
0.7960		-0.0363		6.8523
0.9150		-0.3599		3.3186
-0.0697		-0.7645		1.3304
0.8881		-0.5139		5.2612
-0.6066		-0.7046		3.2328
0.2569		0.2996		3.4833
-0.3492		0.0258		7.6413
0.9821		0.1584		6.7788
0.5969		-0.6632		1.0156
0.7017		0.7521		5.0707
0.3439		-0.1170		9.6664
0.3724		0.6628		0.9046
0.2192		0.3306		4.9875
0.8125		0.9050		0.6957
0.4628		0.4622		1.8672
-0.5258		-0.4586		4.2963
0.3765		0.5998		1.9665
-0.9799		0.2522		1.1882
-0.5917		0.2225		1.1230
-0.9506		0.7052		2.6443
0.8799		-0.1992		1.8290
0.9349		0.4483		3.6450
-0.2315		0.7570		0.0572
-0.0751		-0.3269		3.8692
0.4548		-0.6317		3.6002
-0.0050		0.4818		7.2834
-0.3845		-0.1299		0.2795
0.9083		0.3062		7.8894
0.0985		0.4551		0.2186
-0.5314		0.8298		0.1935
-0.5076		0.9241		1.5497
0.8285		-0.3721		9.8634
-0.8354		-0.0290		2.4074
0.7838		0.9323		0.7249
-0.2847		0.2854		0.3587
0.5448		0.8142		4.7510
-0.4304		-0.5628		4.6765
-0.5374		0.0205		8.4132
-0.1006		-0.9457		4.1916
-0.3069		-0.1691		1.8234
0.4808		0.6142		9.7088
-0.0515		-0.0174		2.8751
0.8220		0.3767		1.2806
-0.0257		-0.8449		5.0243
-0.7152		-0.1581		1.1034
-0.6993		0.1449		4.4954
-0.1751		0.9420		5.2146
0.6864		-0.4831		0.0572
0.4720		0.8451		4.8120
-0.7501		0.6544		0.3546
0.6120		-0.0431		8.7171
-0.6364		-0.7443		3.2052
-0.3333		-0.5125		2.3552
-0.2784		-0.8016		4.2033
0.4173		-0.2723		4.8853
-0.7264		0.7036		1.7759
-0.8787		-0.7071		0.9065
0.4081		-0.0711		3.7952
0.2735		0.0059		2.7296
-0.1347		-0.3681		1.4451
-0.7459		-0.2058		4.6603
0.4634		-0.2020		2.4067
-0.5466		-0.8146		4.5827
-0.3679		-0.2198		1.2731
0.9368		0.1867		7.4107
-0.5151		0.6931		8.1035
0.0734		-0.1330		2.8313
-0.1283		0.4821		7.9144
0.8594		-0.6572		3.2286
0.3898		-0.9539		6.6308
0.5464		-0.1378		6.5809
-0.8107		-0.6321		9.8763
-0.3071		-0.2143		3.4875
-0.4044		0.4878		4.8426
0.9703		0.5151		4.5732
0.8218		-0.2190		5.2837
-0.8735		0.7525		1.6301
-0.3742		-0.8767		0.3888
0.2992		-0.7053		5.3065
-0.3978		0.2064		0.3188
-0.0405		-0.3212		0.9189
0.0618		-0.3193		4.8472
-0.0914		0.9615		0.8639
0.5654		-0.8154		0.7656
0.6154		0.7935		2.5109
0.1527		-0.1618		0.0275
0.3054		0.6174		7.7806
-0.7387		-0.7541		2.8016
-0.3251		0.7429		4.4067
0.4777		-0.0754		4.5917
0.2056		-0.6987		5.3819
0.3902		0.3871		2.5650
0.1978		-0.1441		0.0657
-0.5582		-0.4106		3.2617
0.9061		0.1575		4.2482
0.0824		0.5694		1.0658
0.8133		0.2922		4.9217
-0.0903		0.6815		3.9107
-0.2425		-0.5597		2.2880
0.1753		0.0521		8.9504
-0.1685		0.0231		5.2430
-0.6365		-0.4624		5.9252
-0.3083		-0.2620		6.0120
0.9487		-0.3032		0.2353
-0.2864		0.6412		7.3300
-0.2707		0.5719		2.6818
-0.1756		-0.5876		3.0249
0.1630		-0.3825		1.5466
0.2893		0.3904		6.9063
0.5198		0.9760		2.6262
0.0887		0.3180		9.3160
-0.0226		0.7805		1.1864
0.2304		0.5873		6.5142
0.1187		-0.9146		0.7665
-0.5295		0.8247		2.8973
-0.1281		0.2628		4.4662
-0.2666		0.1318		1.3122
0.0736		-0.8908		1.8544
0.3420		-0.6354		5.8373
0.2387		-0.9920		2.2862
-0.4011		-0.0942		1.9520
-0.0172		0.6320		6.4446
0.9875		0.0693		3.4495
0.5502		0.3343		0.7240
0.8410		0.5199		3.9073
-0.6225		-0.1535		2.8759
0.6998		0.4678		9.2710
0.2152		0.2123		4.0761
0.6178		-0.3601		2.5463
-0.0464		0.7207		2.7273
0.4385		-0.2122		2.4198
-0.3805		-0.8306		3.6953
0.2711		0.9866		0.8048
-0.1111		-0.7893		6.5663
0.1223		-0.2815		2.1280
-0.4641		0.3341		5.1927
0.9876		-0.5239		4.5695
0.8115		-0.4096		2.1757
0.0151		0.3508		1.1047
-0.3648		0.8075		4.0150
-0.5056		-0.8205		3.8327
0.3037		-0.1912		5.2753
0.8853		0.5976		0.6198
0.1180		-0.2185		0.6156
0.3303		-0.6134		2.7332
-0.0143		-0.5402		4.6619
-0.1010		-0.8454		5.1561
0.6860		0.2326		5.3306
0.7156		-0.3148		6.1834
0.2864		0.9131		0.8158
-0.0665		-0.8012		1.9772
0.3787		-0.3931		1.9775
0.0873		0.5981		2.6961
0.1988		-0.2055		2.4517
-0.6427		-0.1289		0.2390
0.0718		0.2256		6.2736
-0.7878		-0.4032		2.9298
-0.0793		-0.7205		7.9839
0.2426		-0.2372		2.8296
0.9282		-0.2292		2.3990
-0.9289		0.5880		0.8409
0.1854		0.4197		7.0407
0.6185		-0.0057		3.2628
0.0837		-0.1716		4.7914
-0.9951		0.0103		2.0354
-0.5229		-0.7841		2.2383
-0.1645		-0.5258		1.7724
0.4110		0.7738		4.6120
0.6587		-0.7673		1.3979
-0.0611		0.2246		6.3235
-0.6923		-0.4047		2.1902
0.2931		-0.6949		1.6908
-0.5040		0.6958		8.1537
0.4613		0.3639		2.6396
0.8157		0.2586		1.6051
-0.8875		-0.8529		3.5158
0.7054		0.8922		4.5143
0.3198		-0.4216		8.4661
-0.9443		0.7830		3.7426
0.4904		-0.5267		1.0592
-0.1038		0.6687		0.0982
-0.5989		-0.4939		7.0804
0.1703		0.0058		9.8480
0.6555		-0.6826		2.5241
0.4463		0.7065		8.0322
-0.8345		0.1697		5.4952
0.6571		-0.0492		1.3218
-0.9850		-0.5929		7.9383
0.5613		0.3870		3.9987
-0.8602		-0.7234		0.3591
-0.1571		0.9408		0.2298
-0.3370		-0.2439		8.3378
-0.6044		0.0165		6.5377
0.5921		0.7277		0.8114
-0.6014		0.4403		9.0896
0.4238		-0.0582		6.9027
0.4346		-0.6593		3.0526
0.1124		0.7844		2.2813
0.2880		0.6576		1.2570
-0.1577		0.7527		7.7856
-0.5937		0.8858		0.8067
-0.6992		-0.3184		0.3361
-0.5056		-0.0598		7.1481
-0.4060		-0.5118		5.6391
0.0166		0.9801		3.9847
-0.4403		0.3199		8.5686
0.7311		-0.2241		6.2386
-0.1209		-0.8072		8.3992
0.0540		-0.4530		1.9955
-0.5313		0.1058		3.6482
0.3201		0.5273		8.2109
0.4614		-0.6594		6.6433
0.2114		0.4344		0.8956
0.4192		0.2249		2.9529
-0.3752		-0.2582		4.3422
-0.7633		-0.4349		7.1025
-0.1202		-0.4241		2.3880
0.7852		-0.2621		0.4555
-0.5724		-0.4983		0.2831
-0.2818		-0.0231		0.3947
-0.0307		-0.3748		5.1729
-0.3885		0.4558		3.9135
0.3252		0.3351		1.9966
-0.2515		0.8838		0.3766
-0.6984		0.2631		0.5767
0.4374		0.0969		1.1604
-0.3696		0.8752		3.9051
-0.0495		0.6547		1.1436
0.8098		-0.2397		2.3233
0.9552		0.6599		3.7263
-0.9584		-0.1101		1.7631
-0.7070		-0.5185		0.8024
0.0992		-0.5187		3.6482
-0.0994		0.8341		8.2637
-0.8961		-0.6247		0.6755
-0.0470		0.9538		3.3091
-0.6625		-0.2398		0.6599
-0.2837		0.2754		1.7691
0.0323		-0.5929		4.9390
0.0279		0.0760		3.2226
0.6165		0.5477		8.0622
0.3094		0.7935		6.1977
0.6253		0.7550		0.1844
-0.7391		-0.5399		0.0144
0.5258		0.8414		5.7311
-0.6525		-0.1072		4.1630
-0.2848		0.4659		4.3025
0.1408		0.5756		7.8066
-0.9752		-0.6378		2.7831
0.8263		0.5569		3.8137
-0.8010		-0.7594		8.3979
-0.3500		-0.1168		1.5849
0.6832		-0.3017		2.0932
-0.7789		-0.8923		1.4188
0.2782		-0.3896		3.1463
0.8344		-0.0598		0.6954
0.5285		0.4069		5.8597
-0.3303		-0.4150		7.3217
-0.2199		0.3665		6.9855
0.5492		0.1085		4.3182
-0.8035		-0.2029		2.4265
-0.6381		-0.1714		0.1020
0.8166		0.8458		1.1091
-0.7474		0.1851		4.6696
-0.7424		0.4091		3.1315
0.8350		0.2872		0.2705
0.0577		-0.8455		0.4586
-0.0194		0.8508		2.7117
0.4657		0.6274		2.3975
0.4471		-0.1665		2.0867
0.2367		0.6953		4.8732
0.5209		0.9199		3.2383
-0.8354		-0.0171		2.1881
0.1802		-0.6563		1.9343
-0.0850		0.1929		0.7015
-0.1432		-0.6510		0.9695
-0.1534		0.2469		3.4013
-0.2488		0.3640		4.4334
-0.3942		0.1351		1.2364
-0.4397		0.8108		3.6925
-0.1237		0.1792		1.0442
-0.2917		0.1050		3.2510
0.6505		0.7102		0.1954
-0.2630		-0.6473		1.0340
-0.9667		0.0565		7.9202
-0.9089		-0.2535		1.2359
0.4018		0.9803		7.3291
-0.7739		-0.4894		3.2361
-0.4192		-0.0412		2.5624
-0.5430		-0.1225		2.4599
0.1658		0.4509		5.3202
0.5658		-0.3266		4.0435
-0.4797		0.2919		3.0996
0.2240		0.4140		3.9713
0.5723		-0.5699		1.8923
0.7446		-0.8378		1.5109
0.3488		-0.5294		2.9544
0.5982		0.7164		1.5574
0.4801		0.7159		5.4736
-0.2412		0.0969		3.0373
0.7230		-0.5827		7.5710
-0.1533		-0.3787		7.0004
-0.9951		0.2471		6.2175
0.5694		-0.4385		8.4358
-0.3142		-0.1325		5.9508
-0.5019		0.1716		5.8826
0.3843		-0.0730		1.8488
0.6612		0.7587		0.8068
0.3709		-0.8897		4.5077
0.0387		-0.2845		2.0860
-0.6842		0.0876		4.4205
-0.9932		-0.7712		1.0656
0.8807		0.9712		2.4255
0.1594		0.9917		4.2005
0.8195		0.4021		5.9395
0.7347		0.2116		5.4078
-0.3235		-0.8033		5.3309
-0.7176		0.3464		2.4294
0.7957		0.2104		4.6782
0.3223		-0.6307		7.6202
0.2088		-0.5472		2.0084
-0.6129		0.2459		0.2472
0.3264		-0.5356		9.9913
-0.3470		-0.6783		5.0320
0.7279		-0.0017		1.1750
0.8722		0.3330		7.2753
-0.4974		0.0014		0.6420
-0.1646		-0.3845		6.5645
0.3453		0.9263		0.8264
0.3671		-0.3683		0.4243
0.3989		0.6210		0.7741
-0.5620		-0.3694		0.3550
0.6960		0.0389		4.2416
0.1811		-0.3887		3.6129
-0.5564		0.4634		2.9453
-0.7067		-0.4789		1.3519
0.4284		0.5786		1.2058
-0.7369		0.5209		5.9319
-0.5429		-0.9069		2.1631
0.0581		0.7558		9.6063
0.3417		0.8596		1.8915
0.5436		0.0730		5.0718
0.8448		0.8346		3.7998
0.2648		-0.4818		3.0073
0.0084		-0.7282		3.7166
0.1449		-0.8637		3.1651
0.1256		0.4593		3.0457
0.4835		0.0523		2.7859
-0.5931		-0.8612		4.2020
-0.8144		0.2929		6.9878
0.3748		-0.5621		1.7040
0.2947		0.0768		2.9756
0.3142		-0.5167		5.0265
0.3642		0.0591		7.4365
-0.3779		-0.5351		8.0585
0.7733		-0.3634		1.0197
0.0731		0.2845		0.4561
0.2164		-0.3107		2.2397
0.1360		0.6970		2.8693
-0.2600		-0.9921		5.4605
-0.5795		-0.3816		5.2847
0.3135		-0.3111		4.4209
-0.0921		-0.4751		2.1174
-0.0469		-0.8529		2.8228
0.2786		0.9839		3.7243
-0.8804		0.3089		0.5715
-0.6759		-0.5513		2.0206
0.3098		-0.3203		3.1392
-0.4299		-0.1461		4.7567
0.6721		0.5656		0.6607
-0.4018		0.0757		1.0532
0.0874		-0.8400		3.1535
-0.0883		0.4263		5.0267
-0.2439		0.2733		4.3243
-0.4930		0.4733		5.3883
-0.9253		0.5156		0.4309
0.2793		0.2910		1.3843
-0.2596		-0.1548		1.4206
0.8905		0.5475		4.0695
0.3580		-0.0509		0.7345
0.3287		-0.6281		5.3148
-0.7123		-0.5898		3.2076
0.0946		0.1161		1.7691
-0.5412		0.4127		1.6578
0.2428		-0.7314		5.6592
-0.2619		-0.7030		6.0222
0.2988		-0.6228		2.5925
-0.7002		-0.1604		5.1868
-0.3422		0.4546		5.9227
0.5214		-0.0484		0.9675
-0.9622		-0.5553		3.4425
0.5555		0.3823		2.5936
-0.2309		0.5637		7.4228
0.0403		0.4725		0.0796
0.2331		-0.8053		2.4520
-0.1211		-0.1316		4.3433
0.3177		-0.7620		3.7943
-0.0155		-0.5721		0.9833
0.6523		-0.0470		5.6625
-0.6030		-0.1206		1.8289
0.0233		0.4441		2.1457
-0.0864		-0.0271		6.5355
0.9759		-0.2285		1.8206
-0.0150		-0.7334		6.3671
-0.8569		-0.3234		3.8927
-0.6920		0.3991		3.0544
0.9370		0.0651		3.7894
-0.4842		-0.8284		2.3849
0.4034		0.8212		9.0654
0.1145		0.9085		6.3905
-0.8937		-0.0999		9.2960
0.0080		0.3250		0.3802
0.0754		0.7060		2.8359
0.8834		-0.3942		5.5247
0.0523		0.2254		0.8991
-0.5507		-0.0826		3.7954
-0.8018		0.1977		2.4421
0.2112		0.8039		0.7099
0.2276		0.3147		6.4532
0.2990		-0.0465		0.2288
-0.4104		-0.5353		1.8055
-0.0183		0.9311		8.0837
-0.2402		0.6286		4.1960
-0.4773		-0.2992		7.8384
-0.5575		0.2601		1.2222
0.2808		0.5769		3.6268
0.7955		0.0862		5.9707
-0.7660		-0.7206		7.0339
0.0080		-0.3318		1.1016
-0.5593		0.5204		2.9733
0.3495		0.6154		1.8878
-0.4596		-0.7038		5.7592
0.5971		-0.3525		2.8058
-0.4351		0.0448		5.1879
-0.7703		0.7807		8.2550
0.0572		0.4308		3.5657
-0.0272		0.6411		0.0459
0.7681		-0.5722		0.6375
-0.7419		-0.6295		2.4795
0.8324		-0.0954		4.5129
-0.0073		0.6384		4.0588
0.9791		-0.4096		7.6474
-0.1057		-0.1861		5.8314
-0.3398		-0.5652		0.3907
-0.7902		0.1523		3.5163
0.7044		-0.6998		0.1756
-0.4223		0.2207		4.4666
-0.6508		-0.4318		0.8956
-0.3133		0.5211		1.9862
-0.9794		-0.2270		1.6352
0.7901		0.1146		7.5612
-0.7970		0.3975		8.8669
0.4949		0.0910		5.8361
0.9952		0.2255		2.8547
-0.2151		-0.2581		0.5406
0.3372		-0.0100		2.5217
-0.5568		0.6004		3.7451
-0.6048		-0.3429		6.7013
0.2708		-0.0676		2.9225
0.3714		0.1787		3.4686
0.6481		-0.3596		7.3628
-0.4885		0.4919		7.1060
-0.9503		0.1832		0.4081
-0.1383		0.2530		6.9303
0.0362		0.3466		4.4731
-0.4613		0.2850		2.6122
-0.5296		-0.6960		2.8328
-0.3986		0.7463		3.0495
0.4295		0.3342		1.7063
-0.4207		-0.1257		3.3425
-0.5925		0.3541		4.2282
-0.2011		0.0564		4.4242
-0.2602		0.9676		9.3226
-0.5882		-0.7034		2.0487
-0.2520		-0.4192		4.4387
0.2982		0.0073		1.4809
0.5159		-0.8517		5.1358
-0.1335		0.2718		0.9195
0.9079		0.6564		0.3080
0.6890		0.1824		4.0049
0.2771		-0.5409		3.4520
-0.4302		-0.0775		2.2163
-0.7761		0.3586		6.1888
-0.3313		-0.8019		3.9989
-0.1315		0.6954		0.9921
-0.3126		-0.9601		1.6763
-0.5850		0.2520		5.4730
0.5200		0.4204		5.4039
0.0671		0.1049		6.5776
0.7125		0.4499		1.7197
0.1540		-0.6328		3.7739
0.4503		0.8272		4.0097
-0.3949		0.4390		2.2433
0.3958		0.1791		4.6549
-0.3246		-0.9354		1.3978
0.6750		-0.7337		1.5245
0.9436		0.3116		1.4109
0.6005		-0.3305		0.7354
-0.5902		-0.0102		4.4068
-0.4889		-0.5947		1.3933
0.8449		-0.6533		4.4632
-0.5514		0.7545		9.0730
0.4766		0.2519		3.3896
0.9307		-0.9677		0.0697
0.4859		0.3135		2.8484
-0.5238		0.0947		2.9919
-0.0824		-0.9255		0.9062
0.6329		-0.2154		2.2472
0.6228		-0.7437		3.4937
0.0445		-0.4658		1.5078
0.2025		0.9526		4.7369
-0.6575		-0.6277		0.7280
-0.7878		0.2960		9.1235
-0.9811		0.8437		0.2321
-0.7908		-0.4974		1.3117
0.2648		-0.8300		0.8840
-0.6452		0.0947		6.6042
-0.5831		-0.1018		0.3331
0.6898		-0.5432		5.7808
-0.2210		0.3747		2.1977
0.0487		-0.4369		0.3997
-0.4162		0.3085		2.2034
0.1923		0.6644		5.7228
0.3963		-0.0057		0.4567
0.6485		0.2486		1.4203
0.2884		-0.7755		1.2952
-0.1375		-0.4094		5.7587
-0.0805		0.7540		8.3934
-0.8973		-0.1567		3.8287
0.3383		-0.3830		2.3344
0.4046		-0.0163		2.7715
0.7296		-0.0038		2.1416
0.5504		-0.2824		4.6520
0.1461		-0.6735		0.6269
0.0074		-0.6745		4.2321
-0.5796		0.3880		8.5362
-0.4662		0.7808		1.5019
-0.8247		-0.1572		0.1359
-0.6003		-0.0390		0.3871
0.9190		-0.7583		0.3847
-0.4906		-0.2115		5.4576
0.1846		-0.9945		2.8165
-0.5727		-0.4598		7.3292
0.7838		-0.3236		8.9776
0.2895		0.4881		5.4413
0.0476		-0.3911		0.6426
0.5465		0.0119		2.7578
-0.2339		-0.1538		6.2494
-0.8702		-0.0109		2.8782
0.9703		-0.1374		1.8599
-0.1500		0.4700		3.6021
-0.2811		-0.5199		2.2111
0.9844		-0.3034		5.2593
-0.3216		-0.6916		6.9445
0.6863		0.0428		3.9495
0.3019		-0.8681		3.2210
0.1297		0.5402		3.2788
-0.8497		0.8051		7.6600
0.0175		-0.4268		4.8611
0.4537		0.7908		0.7624
0.1180		0.2328		5.9159
0.0135		-0.3284		0.9958
-0.9201		0.0567		2.7892
-0.5032		0.9954		2.0422
-0.9903		-0.0860		3.7388
0.5183		-0.7526		0.1432
0.2721		-0.0216		1.7660
0.2424		0.7672		1.3867
0.3407		0.3484		2.8407
0.9198		-0.0999		6.9282
0.2684		0.2021		1.2950
-0.7856		-0.9229		3.0139
-0.7171		-0.4287		1.7211
0.0536		0.6621		2.8818
0.8213		0.4604		3.0536
-0.2021		-0.7394		3.4187
0.9155		-0.0476		1.9420
0.9223		-0.5663		2.3106
0.4244		0.2006		6.8334
0.3632		-0.4337		4.6342
-0.4420		0.4511		4.3185
0.6138		-0.3430		0.3456
-0.9481		0.1618		6.9101
-0.6045		0.0895		1.4245
0.5063		-0.6549		1.9442
-0.7965		0.2865		7.4693
-0.8199		-0.0788		7.6043
0.3664		-0.3017		7.9225
-0.5641		0.7533		1.1751
-0.7048		0.0655		5.4641
-0.0808		-0.4889		2.2736
-0.7576		-0.0043		5.1174
-0.7447		0.1374		2.1453
0.4637		-0.3872		0.0058
-0.2616		-0.4413		8.7058
-0.7450		0.0934		4.7880
0.5213		-0.5444		6.2038
-0.2779		0.6283		0.9627
0.7660		0.4184		2.5833
0.3817		-0.1358		3.9547
0.2877		0.6504		0.7817
0.0102		0.7732		2.6829
-0.1729		-0.5258		2.5672
0.0140		-0.3568		1.5807
0.0384		-0.2308		3.8498
-0.5132		-0.9017		1.2216
-0.6759		-0.2480		0.8598
0.2063		-0.7782		8.5787
-0.4185		0.3698		6.5940
0.2756		-0.0759		2.5100
0.6891		-0.5754		0.0457
0.5408		-0.2241		0.4253
-0.0485		0.3284		1.8443
0.4341		0.7690		1.4880
0.5907		0.3382		4.0261
0.6880		0.8681		4.8005
-0.3150		-0.1973		3.4674
-0.8716		-0.0742		1.6266
-0.6485		-0.5656		0.1024
-0.5875		-0.7743		7.5675
-0.8248		0.6816		3.3940
-0.4752		-0.3931		2.9692
0.6947		-0.0261		1.0780
-0.8045		0.5615		1.2374
-0.0808		0.9253		2.1520
0.4069		0.0336		3.5501
-0.0367		0.4893		5.6478
-0.0512		0.5155		5.5996
-0.7474		-0.2101		0.1408
-0.4340		0.1429		5.0334
-0.9044		0.5597		1.9283
0.7422		-0.2176		6.9508
-0.4581		-0.6843		3.4918
0.6813		0.5854		1.3405
-0.0764		-0.5193		5.3199
-0.3301		0.9287		2.4762
-0.5661		-0.4913		4.6336
-0.6771		0.5447		6.1690
-0.6459		-0.6422		3.6280
0.7222		-0.4273		6.0728
-0.9871		0.3310		4.9154
-0.8098		-0.4254		3.6090
-0.5331		-0.0741		2.7451
0.7128		-0.0863		6.1186
0.3973		-0.7085		1.7261
0.5508		-0.5837		7.0231
-0.3065		0.5042		0.1002
0.3655		-0.6651		6.8023
-0.3824		-0.2048		2.7581
-0.2311		0.7277		1.5975
-0.4770		-0.6306		2.5360
-0.3910		0.1268		4.6972
0.2733		-0.3045		5.2414
-0.8888		0.6488		2.2515
-0.5376		0.1230		2.4471
0.5134		-0.9014		7.0946
0.1710		-0.1167		7.5326
-0.3333		0.0769		1.4652
-0.5685		-0.3191		0.4710
0.4128		-0.1034		3.1405
0.6191		0.7955		0.4547
0.1798		0.8672		1.1179
0.2756		-0.6509		7.8818
-0.0396		0.2647		4.1246
-0.4286		0.6767		3.8995
-0.2498		0.7159		3.7642
0.2760		0.4501		5.2616
0.8640		-0.0500		3.2983
-0.2431		-0.7615		4.5579
0.3311		-0.5639		3.6517
-0.8515		-0.1742		1.1450
0.9060		0.3702		2.3437
0.9640		-0.0285		0.4994
0.6602		-0.1464		7.3981
0.3869		-0.9597		5.0613
0.0050		0.7930		0.9408
0.3572		0.7218		1.3598
-0.5129		-0.0949		4.8537
-0.4688		0.3899		0.0670
0.5177		-0.2138		0.7403
-0.7919		-0.1040		3.4026
-0.4510		-0.0564		1.6896
0.5631		-0.3926		7.3262
-0.5009		0.5725		1.6523
-0.1399		-0.5510		7.9504
-0.8383		0.9792		3.4528
-0.6940		-0.4093		7.2212
0.4013		0.0220		1.4873
-0.7832		-0.1009		6.6443
0.6823		0.5235		6.5908
-0.4436		0.2856		9.6525
0.6755		-0.3074		0.8788
0.3222		-0.7996		0.3130
0.2331		0.7200		4.0292
-0.8371		0.3336		0.1353
0.1231		0.0255		5.4817
0.6478		0.3823		0.6070
0.1914		-0.2265		1.6354
0.8166		-0.0855		3.7287
0.8636		0.4759		7.3931
-0.9316		-0.4629		1.3320
0.4360		-0.3109		9.3212
0.2450		-0.4212		7.3779
0.2728		-0.7638		5.4181
0.4313		-0.5446		0.3478
-0.3981		0.4149		4.3366
-0.2979		-0.7251		0.2869
-0.2202		0.0849		0.5864
-0.4103		0.4497		0.6651
0.6129		0.7646		7.4305
-0.0046		0.9492		5.9568
-0.0878		0.5731		4.8160
-0.6014		-0.5834		2.7145
0.6743		-0.8049		3.5014
-0.0940		-0.8887		6.3620
-0.3933		0.6979		1.4364
-0.9073		-0.7304		3.3299
-0.6123		0.1313		2.0422
0.2187		0.6270		5.6929
-0.0695		-0.6762		0.4099
0.8089		-0.0802		1.3730
-0.0217		-0.7278		2.3639
0.1136		0.7964		1.6875
-0.4231		0.4748		0.2630
-0.6866		0.8400		4.5882
-0.2853		0.6342		4.1477
-0.4066		-0.3513		5.9183
-0.7100		0.0159		7.4002
0.7880		0.6313		2.2139
-0.6883		0.0917		6.4571
0.6085		-0.4571		3.8974
-0.5343		-0.8731		0.1936
0.1618		-0.9982		2.6581
0.5245		-0.0909		3.6382
-0.3554		0.6908		4.9832
0.3978		0.4746		2.8302
-0.3919		-0.4907		4.3533
0.2965		-0.0706		2.8197
0.9884		0.2165		0.8105
-0.5721		-0.3408		3.3240
0.2535		-0.0927		9.7550
-0.6589		-0.4006		0.2039
-0.2307		0.4424		2.0933
-0.9927		0.6339		9.9780
0.2758		-0.0301		2.3088
0.3492		0.3583		0.7278
-0.0943		-0.6671		1.1402
0.2813		-0.4608		3.4242
-0.9528		0.2320		0.4889
0.0639		0.9422		4.4390
0.5656		0.3293		0.8956
0.3977		-0.7208		4.4234
-0.6974		-0.8636		6.7784
0.0946		-0.2574		5.4503
0.7545		0.5020		1.0153
0.7692		0.3956		7.0149
-0.4641		0.6522		6.7104
-0.8239		0.6742		2.2953
0.2527		0.1762		0.0163
-0.3646		0.8054		4.1202
0.3619		-0.8874		1.4934
0.1751		-0.9299		2.2365
-0.4588		0.4479		3.7856
0.0802		0.1909		3.2554
0.8449		-0.0759		2.2301
-0.2919		-0.1300		0.0369
-0.4328		-0.5874		1.0060
-0.1856		-0.7090		0.5008
0.1150		0.5527		0.6902
0.8115		-0.2254		1.8203
-0.9395		-0.1819		5.2224
-0.0851		0.6264		7.9453
0.2662		0.7201		5.1442
0.0134		0.7242		1.5168
0.5719		-0.7989		7.1939
-0.7273		0.8424		6.0367
-0.9346		-0.6805		1.4940
-0.5683		0.5033		6.0700
-0.8225		0.2850		0.6873
-0.4186		-0.0447		1.2557
0.9816		0.1864		7.4297
-0.6507		-0.7142		8.1916
0.1091		0.9152		3.4840
0.3901		0.8441		3.6759
0.9072		-0.1241		2.3784
0.0821		-0.2979		3.4245
0.7456		0.4143		2.1531
0.8395		0.6307		1.1300
0.1280		-0.4000		1.7396
-0.0952		-0.4513		2.0307
0.3474		0.4648		2.1446
0.3384		-0.5204		8.2872
0.8360		-0.2292		2.0923
0.1799		0.7259		0.0757
0.5988		-0.6783		0.1354
0.1487		0.5399		9.4070
-0.0393		-0.1132		0.8347
-0.1829		0.3807		1.6958
0.4247		-0.0113		4.6085
-0.1905		0.8983		5.8070
0.5274		-0.0173		7.6423
-0.9547		0.3018		1.0617
-0.6219		0.5274		0.5435
-0.6738		0.4959		3.7992
0.3241		-0.5374		3.3104
0.4868		0.4040		0.2119
0.4306		0.4117		3.8060
-0.7399		-0.8599		7.9292
-0.0710		-0.0879		1.2616
0.3322		-0.3479		4.2687
-0.5664		-0.6945		3.9470
-0.3528		-0.2526		3.5514
0.7991		0.9443		2.2329
-0.9217		0.1904		0.2916
0.5601		0.4363		3.7370
0.0871		-0.7739		3.4432
0.8515		0.8810		3.5845
0.9351		0.4225		2.8626
-0.9239		-0.4864		4.7598
0.8202		-0.5098		7.7553
0.4198		0.6173		3.7404
0.2860		0.5034		1.4740
-0.4144		-0.9091		2.3538
0.4167		0.3092		4.9409
0.8015		-0.2803		4.5898
-0.3536		0.7555		1.0512
0.5304		0.6055		0.9810
0.7162		0.3098		1.7028
0.4317		0.9777		4.8268
-0.1932		-0.8207		0.7822
0.6961		-0.4045		0.7691
0.7024		0.8600		7.2221
-0.2203		0.3130		3.7618
0.4507		0.3144		1.1646
0.7115		-0.0472		0.7017
-0.5704		0.3147		1.8656
0.6622		0.3458		8.6549
-0.5266		-0.3479		6.0353
0.7811		0.0816		7.5564
-0.3467		0.9567		6.2091
0.4984		-0.4454		8.3278
0.3356		-0.7438		0.9041
-0.4366		-0.3840		1.7888
0.1979		0.2426		3.6144
0.2617		-0.3063		0.2861
0.8248		-0.7187		4.8485
-0.1847		-0.7020		6.9400
0.4508		-0.5196		7.5133
-0.0913		-0.4369		9.5427
-0.1900		-0.7924		7.2777
0.8141		-0.4811		3.3138
-0.1111		0.7620		5.6571
0.2247		0.9971		5.3106
-0.0821		-0.0091		7.6146
-0.7830		0.8189		2.6494
-0.8670		-0.3542		4.7830
0.3137		-0.4877		1.0947
0.3067		-0.1744		1.3053
-0.4741		-0.5668		5.3918
0.0563		0.4456		3.8859
-0.2355		0.3469		3.9948
-0.8136		-0.4875		1.6336
0.5975		-0.1076		7.5807
0.5968		-0.2578		0.6501
0.0287		-0.8952		0.9906
0.2428		0.6075		0.4282
-0.5600		-0.7322		4.6564
0.6656		0.8516		8.1473
-0.9508		0.2150		4.2650
0.1580		-0.7001		7.5021
-0.1081		0.4310		2.8836
-0.4466		-0.8532		6.7506
-0.2696		-0.4714		3.1515
0.2184		-0.9534		5.1892
-0.2038		0.8784		4.8945
-0.4025		0.1961		0.2407
0.7924		-0.9740		5.3488
-0.7935		0.9199		8.4120
0.1485		-0.5996		0.5469
0.4840		0.8150		5.7205
0.6873		0.2083		3.9041
0.3728		0.4326		5.0722
0.2620		-0.6427		1.8476
0.3133		-0.9813		6.3677
0.5397		0.4105		5.0823
-0.9778		0.2206		1.0378
-0.4108		-0.3169		4.4702
-0.5138		-0.8020		3.5059
-0.7772		0.1182		3.1975
0.3706		0.9952		1.8358
-0.5181		-0.1180		6.7139
0.0746		-0.1061		1.3048
-0.0176		0.2820		3.0317
-0.6196		0.6383		1.5255
0.0582		0.6282		6.0397
0.8967		-0.1744		2.8802
0.3840		0.0932		9.0944
-0.8708		-0.3066		3.6267
-0.5858		-0.6942		3.5936
0.0745		-0.5972		4.5700
-0.8660		0.7782		0.2921
-0.7695		-0.6450		2.1146
-0.1987		-0.3435		3.0184
-0.9996		-0.0810		6.5178
0.5151		0.4071		0.7803
0.0409		-0.8786		5.5091
-0.2268		-0.7732		2.4390
0.3101		-0.5435		7.2307
-0.1259		-0.9574		4.7811
-0.6359		0.4602		7.3960
0.8679		-0.2873		0.1805
0.7799		-0.1793		7.8779
-0.6275		0.2847		4.0939
-0.1877		0.2226		6.0813
0.9118		0.3855		0.3112
-0.4694		0.2877		8.9366
0.1725		0.4344		1.1680
-0.5738		-0.9668		9.7821
-0.7040		-0.6385		5.9424
-0.2855		-0.5295		2.3256
-0.4336		0.7298		5.7247
-0.9379		-0.1671		4.9530
0.1287		0.3626		2.1641
-0.1521		0.1853		1.3355
0.1082		0.5622		7.7396
0.2404		-0.6610		1.8264
-0.3109		0.5237		0.7963
0.2983		-0.7284		4.1334
-0.6086		-0.1078		0.3637
0.4470		-0.1036		6.7866
-0.8079		0.2798		4.8385
0.1536		0.9661		2.1059
-0.4590		-0.9552		3.4714
-0.9760		-0.3382		2.2706
0.3747		-0.5129		0.2944
0.0495		-0.7145		4.5734
0.6681		-0.6545		8.0260
-0.0733		-0.1141		0.8259
-0.0491		0.7211		2.9852
0.6533		-0.2833		0.6053
0.0005		-0.7311		4.2459
-0.0208		-0.4089		8.3957
0.6143		-0.2085		3.9429
0.4269		-0.7378		4.5484
-0.9358		-0.2802		2.5515
0.0392		0.7202		6.2705
-0.3613		-0.2487		8.3871
-0.5117		0.2103		1.4385
-0.7565		0.1888		4.5409
-0.8781		-0.3305		1.9630
-0.4915		0.1816		1.1555
-0.4041		-0.3288		3.9723
0.8780		-0.1278		0.4482
-0.7565		0.6213		8.3896
0.3125		0.6595		2.3442
-0.2462		-0.8559		0.1467
-0.1294		-0.3352		3.3165
0.9147		-0.3937		0.6779
0.4394		-0.2867		4.7208
0.5212		-0.2997		0.0017
-0.3290		0.3322		8.6219
-0.1921		-0.5054		1.2159
0.3974		0.2092		3.1835
-0.0912		0.8647		2.4265
0.8817		0.1159		8.9495
0.2354		-0.5356		1.2010
0.5346		-0.3058		1.4949
0.6341		-0.4901		0.3529
-0.7080		0.2546		2.3302
-0.6814		-0.7744		1.4078
0.3465		-0.6976		0.8588
0.1050		-0.7017		3.3482
0.3908		-0.6182		3.8178
0.8316		-0.3418		2.7186
-0.8536		-0.7331		1.5309
-0.7269		0.2133		2.6739
-0.6453		0.2682		1.6837
-0.0104		0.4195		8.4832
0.1831		0.6015		0.4199
0.4335		-0.0505		4.5846
0.0231		0.7041		6.2734
0.4009		0.6766		1.1631
0.9007		-0.0380		3.1970
-0.1974		-0.6039		3.0510
0.5281		0.3475		1.2522
0.6626		-0.2493		5.9706
-0.5315		0.4934		1.1817
-0.9868		-0.1473		0.1765
0.3565		0.2365		0.2630
-0.0705		0.4981		6.5198
-0.2393		0.1684		0.2506
-0.2955		0.6384		4.2822
-0.3408		0.9632		7.5589
-0.0652		-0.8593		4.4243
0.8260		0.0773		0.8002
0.2036		0.3863		3.7919
-0.7039		-0.3268		2.1341
-0.5995		0.3302		1.0658
-0.7778		-0.0285		6.9359
0.2109		0.8495		1.5548
0.8152		-0.8821		1.0197
-0.7562		0.4993		0.1157
0.2316		0.6988		6.5486
-0.4453		-0.5752		1.9750
-0.2259		0.2148		0.8418
-0.1671		0.7424		3.5798
0.6704		-0.6326		4.1421
0.5934		0.8842		2.8586
0.2047		-0.5074		0.0529
0.2481		0.9713		0.1366
0.1914		-0.7593		1.2116
-0.3230		-0.3300		4.7508
-0.0681		-0.5254		5.6003
0.2422		-0.9634		2.5986
-0.5538		0.5894		0.1557
0.0881		0.9186		6.8766
0.3363		-0.6355		2.2332
-0.4330		-0.3854		4.2984
-0.4764		-0.2445		1.4612
-0.7715		0.1766		5.8953
0.6968		-0.0057		0.3948
-0.4842		0.5822		1.5524
0.6461		0.7110		5.3996
0.0060		-0.3269		2.5009
-0.9498		0.1004		0.0143
-0.3091		-0.9515		0.6100
-0.4174		0.5381		8.5637
0.5213		-0.1918		9.0947
-0.2320		0.3630		3.1666
-0.3999		-0.5709		8.8814
-0.4715		0.0880		4.7518
0.2002		-0.3813		4.0311
0.3885		-0.2603		1.8471
0.7170		0.1812		3.5351
-0.1932		-0.0339		6.1399
-0.0273		-0.8040		2.3739
0.5994		-0.1597		0.1327
0.5692		0.9941		0.8434
0.1673		0.4320		2.6359
-0.7557		0.7832		5.8571
0.3561		-0.0713		3.8933
-0.6541		-0.7816		2.0544
-0.9168		0.5379		1.9398
-0.5529		0.0589		3.5331
-0.6123		0.4593		2.5838
0.4935		0.1261		0.6319
-0.8659		-0.3293		7.6267
-0.4397		0.6231		3.4759
-0.0204		0.3710		1.5087
-0.8712		0.0813		1.4484
0.6189		0.4960		4.4864
-0.4725		-0.6203		0.0428
0.7051		-0.6534		4.0960
-0.6756		-0.1085		4.1618
-0.7631		-0.3155		0.0248
-0.3526		0.4749		6.5962
0.1586		-0.4981		3.5217
-0.4768		-0.5671		1.1900
0.4374		0.8694		2.1624
-0.2601		-0.7880		0.7217
0.3048		-0.9305		7.6241
-0.3851		-0.7256		3.5097
-0.1870		0.7795		5.9649
-0.4932		-0.7408		0.2220
-0.9166		-0.4533		1.1716
0.2564		0.7843		4.1835
0.9855		0.7759		4.4105
0.7440		-0.7902		0.1760
0.4674		0.7241		1.8350
0.5380		0.3357		0.8003
0.3640		0.7481		3.1451
-0.3647		-0.7271		8.5928
0.6161		0.0817		2.0662
0.2807		-0.0405		9.3540
-0.4176		0.2915		3.8451
0.1541		-0.6251		2.7932
-0.9832		-0.0149		5.6840
0.5334		-0.3928		0.4429
-0.1689		0.2941		2.2982
-0.5228		0.0741		6.9983
-0.3827		-0.8118		0.7754
-0.6472		0.7118		1.6640
-0.4627		-0.7055		2.3417
0.9180		0.1410		3.5532
-0.3748		0.1826		0.6176
0.4741		-0.7455		0.8450
-0.1412		0.9374		2.0562
-0.0858		-0.3149		7.9658
0.7406		0.1564		8.4160
0.7518		0.7164		3.9883
-0.9959		0.4701		2.2034
-0.4842		0.4199		0.6208
-0.6485		-0.7745		0.3617
0.8022		-0.3337		3.9320
-0.1959		-0.7960		0.9033
-0.2557		0.1468		6.4488
0.3012		0.4271		0.1028
-0.8981		0.5257		4.6507
-0.1810		0.0542		4.1276
0.6821		0.3068		1.5076
-0.5107		-0.3747		1.9937
0.7152		0.5877		1.3810
0.2942		-0.0720		7.6839
0.4425		0.2947		3.8340
0.1715		0.3527		0.1462
-0.7032		-0.2405		1.0681
0.2224		-0.5340		4.2241
-0.2950		-0.9534		5.8386
0.3233		-0.1581		0.7880
0.7047		-0.9429		1.0016
-0.7532		-0.3392		3.5690
0.8774		0.3781		1.3565
0.1438		-0.4818		2.2252
-0.7518		0.5182		1.2848
0.5861		-0.3296		8.9783
-0.1635		-0.6870		4.4633
-0.2159		-0.5961		3.2615
-0.1693		-0.8099		9.0650
-0.1288		-0.3208		1.8343
0.4576		0.3561		2.6062
0.0842		0.5230		4.5965
-0.7692		0.3834		6.0591
-0.0799		-0.3117		1.3566
0.1390		0.7768		0.7686
-0.6357		0.9480		3.4290
0.1435		0.9990		9.4037
0.5071		-0.2890		5.1430
0.5354		0.4539		4.6626
-0.2041		-0.1989		1.4442
-0.4240		0.1961		0.6333
0.6282		-0.1054		1.4011
-0.1626		0.2532		1.7533
-0.9409		0.2923		4.7322
0.1899		0.5867		2.1888
0.4766		-0.7389		3.3869
-0.4533		-0.5641		0.9969
-0.6060		0.5050		6.2640
-0.6085		-0.3544		2.4134
-0.2627		-0.5811		1.2494
-0.1009		-0.6153		6.7022
0.4524		0.3687		2.0377
0.4853		0.3005		1.5909
0.8066		0.0416		0.7605
0.4797		-0.5164		2.2399
-0.0076		0.6239		3.6950
-0.5155		-0.7148		1.2159
-0.2517		-0.5876		4.4981
0.6675		0.0564		5.7569
0.5091		-0.6784		5.6103
0.5311		0.9453		9.3790
-0.7139		0.2418		0.9204
-0.5088		0.0944		3.7426
0.3627		-0.2976		5.5796
0.3740		-0.5928		6.0830
-0.0316		-0.4383		2.3582
-0.6331		-0.7211		2.2068
0.0547		0.4333		2.3332
0.8161		-0.4332		7.8476
-0.6329		-0.4756		9.4672
-0.0458		-0.2035		1.9915
0.1668		-0.8054		0.2857
-0.5744		0.8038		6.4441
-0.6158		-0.3262		4.1493
0.8428		0.9429		5.3399
0.3631		-0.6707		3.5808
-0.3601		-0.7059		1.8357
-0.1058		0.7589		0.9568
0.3245		-0.0074		5.3772
0.6525		0.1889		2.5226
-0.1527		0.1616		0.7363
-0.5387		-0.9917		4.2412
-0.3000		0.8470		3.5657
-0.2070		-0.6661		2.9073
0.1329		0.4961		4.5404
-0.0998		-0.3818		2.8375
-0.0186		0.3519		8.6806
0.0282		-0.5477		2.0185
0.0851		-0.4990		1.9528
-0.5088		0.3166		7.9350
-0.4335		-0.7182		4.1731
0.0941		-0.6824		0.0178
0.4007		0.7966		6.6115
0.2501		0.7997		2.5278
-0.3791		0.3522		2.0867
0.7858		-0.5513		1.7026
0.1587		-0.8973		5.0013
-0.5143		-0.1962		3.9254
-0.2291		-0.6349		4.5372
-0.5906		-0.3388		7.2167
-0.1172		0.0623		3.8576
-0.0558		0.2784		0.1825
-0.4049		0.9830		4.6744
-0.9841		0.8627		1.4037
0.9055		0.0399		1.6658
-0.3240		-0.2181		4.6826
0.0397		-0.3950		3.2270
-0.5275		0.9655		1.5269
0.2280		0.9583		2.1669
0.0512		-0.9515		0.4766
0.7395		0.3500		5.0035
-0.2086		-0.5195		1.3735
-0.8395		0.4730		6.3921
0.4363		-0.2313		0.2669
-0.6330		0.1868		3.3351
-0.3305		0.3967		1.2513
-0.7282		0.1079		0.0458
-0.2093		-0.1268		0.8985
0.0774		-0.4207		8.2504
0.2061		-0.0732		4.8471
0.5285		-0.4294		9.8525
-0.3923		0.6947		1.3232
0.7208		0.7803		3.9340
0.5700		-0.0100		3.6942
-0.4252		0.9149		1.2693
-0.3550		0.6532		3.3660
0.3478		-0.0534		9.9790
0.1303		-0.2455		8.0787
-0.8298		0.0970		2.2603
0.3267		0.6879		0.2149
-0.6374		-0.2104		1.1827
0.1387		-0.2528		2.0112
0.2128		-0.9150		0.5795
0.5286		-0.0799		8.8597
0.8142		-0.9046		3.6666
-0.2183		0.1730		1.7055
-0.3499		-0.8938		5.3943
0.0256		0.8079		6.3007
0.4200		-0.4890		6.9140
0.8568		-0.6710		1.7208
-0.0880		-0.6799		2.7225
-0.3514		0.1632		1.3496
0.3208		-0.2026		5.4136
0.4532		0.2493		3.6001
0.2680		0.5383		2.8194
-0.2399		0.9132		5.1796
-0.8865		0.1022		1.7159
0.3516		0.4345		0.9198
-0.1075		-0.5299		0.3694
-0.8720		0.8933		7.7769
-0.6636		0.6659		3.7474
0.8057		0.1671		6.1875
-0.0065		-0.8433		0.9113
-0.1080		0.2342		5.5004
0.6911		-0.7507		1.4782
-0.1983		-0.5381		0.3860
0.2446		-0.0941		3.0004
-0.6082		0.7613		0.2739
-0.6541		0.5689		6.7707
-0.4606		-0.4606		0.0847
-0.4579		0.2074		3.7790
0.4558		-0.3850		4.8350
-0.5934		-0.1084		1.4943
0.3186		-0.2270		2.4863
-0.1227		0.8180		3.2542
0.8554		0.5091		8.8697
-0.2801		0.9620		9.0499
0.4482		-0.2014		2.3936
0.6772		-0.7486		7.0945
0.3128		-0.7960		8.5772
-0.1110		0.6919		1.8125
0.4209		-0.9030		3.3828
0.9836		-0.6920		8.9320
0.5766		-0.9982		5.6879
-0.4458		-0.0664		3.0236
-0.1710		0.8665		6.9424
0.4429		-0.7308		0.6027
0.5350		-0.4029		1.8988
-0.0958		0.3205		0.6573
0.2658		0.7152		4.7527
-0.8973		0.9308		1.3954
0.8283		0.8591		6.1301
0.7502		-0.0563		0.4522
0.2124		-0.1715		0.4427
0.2700		0.1443		8.5390
0.4930		-0.0926		7.0455
-0.0662		-0.3663		2.3569
-0.3159		0.4345		1.0096
0.5745		0.2670		2.2405
0.8940		-0.0542		2.9963
0.4278		-0.0487		1.2121
0.8028		0.6557		8.2358
0.5378		-0.2229		1.0273
0.4872		0.1812		3.2766
-0.4049		-0.1757		9.2725
-0.1010		0.7272		0.0989
0.0998		-0.5622		5.2594
-0.8440		-0.2519		5.3914
-0.2862		0.7778		5.8950
0.4543		0.7421		0.9742
-0.8927		-0.5228		6.7397
-0.0223		-0.7432		0.7322
-0.6676		0.5736		0.8729
-0.9732		0.0780		7.6540
-0.9411		-0.1559		1.2792
0.1739		0.7438		6.3911
-0.3989		0.4682		5.8650
-0.1285		-0.6028		5.5906
0.7541		-0.1647		3.6882
0.2293		-0.5704		2.6551
-0.1955		-0.4556		8.0875
-0.8621		-0.5395		6.4091
-0.4960		-0.1082		0.3003
-0.7494		0.3852		1.5907
0.3697		0.7302		0.2706
-0.6283		-0.0989		4.8070
-0.1733		-0.7882		0.7279
0.7129		0.1825		1.0604
0.6461		-0.5780		1.1525
0.8639		0.8483		0.4745
0.8755		-0.6310		7.9467
-0.3036		0.0927		0.8740
0.1877		0.1395		6.8369
-0.7957		0.9107		8.2074
0.9249		-0.7542		3.2110
-0.3453		-0.5422		2.5483
0.8173		-0.3318		4.1242
0.6732		-0.1642		2.5433
-0.0520		-0.3537		8.3111
-0.0956		0.6351		0.9384
-0.6968		0.7244		3.1957
-0.7408		-0.7036		0.5459
0.0298		-0.8443		0.7191
-0.8056		-0.3576		4.2510
-0.6031		0.9257		1.0094
0.2200		-0.7126		2.4168
0.8552		-0.1425		0.6546
-0.0017		-0.3639		5.1030
-0.4405		-0.0261		0.6405
-0.9935		0.5949		0.6311
0.3070		-0.9410		2.4036
-0.5413		0.3889		5.4245
-0.1052		0.5466		1.2532
0.7341		0.4271		2.8152
0.1339		0.7624		0.4270
0.4080		0.2029		7.7634
0.5175		-0.1206		6.5802
0.5349		0.3254		3.7322
-0.7319		-0.2132		2.4428
-0.9406		-0.5852		4.7216
-0.2308		-0.9959		7.8180
0.4470		0.2231		1.3272
-0.2349		0.1132		5.7169
-0.5294		0.8468		4.0752
-0.2335		-0.3114		6.8382
0.1695		0.1191		6.8442
0.2831		0.6188		7.5777
-0.4014		-0.3979		2.1002
0.1001		0.7276		1.6879
0.4998		0.0475		4.4067
0.7817		-0.4031		1.9226
0.7038		-0.4322		2.6044
0.0346		0.5378		3.6679
0.6663		0.4686		1.2423
0.3275		-0.8152		6.0489
-0.1287		0.6139		7.0852
-0.5055		0.6622		6.3371
0.6915		-0.2791		7.2985
-0.8323		-0.6052		0.1130
-0.3021		0.2734		5.2908
-0.0746		-0.5863		3.3766
-0.8462		0.5337		8.1026
-0.6830		-0.3615		0.5532
0.6021		0.7275		2.0729
-0.0952		0.4528		2.1705
0.1636		0.9217		1.6630
0.1044		-0.2316		2.3695
-0.1715		-0.9340		1.9172
-0.5835		-0.3438		9.5546
0.0602		0.8688		8.9937
-0.0058		-0.4083		1.1937
0.2887		-0.0463		2.1365
0.1394		-0.5891		0.2595
-0.3282		0.4184		3.8068
-0.5049		0.3922		2.6022
-0.6390		0.4064		2.0627
-0.1524		0.9763		3.2236
-0.5736		-0.8450		4.3300
-0.8900		0.7645		3.2445
0.3419		-0.6310		5.7653
-0.3640		-0.8421		1.7152
-0.4497		-0.8245		5.9596
-0.1895		0.4786		0.0337
-0.5566		-0.3043		2.0209
0.9104		0.6698		5.4632
0.0161		-0.7563		3.5051
-0.3270		-0.8501		1.8369
-0.3463		0.0118		3.4585
-0.3317		0.7499		0.6069
0.2575		-0.3657		4.4060
0.5990		-0.3093		9.6939
-0.0001		-0.5258		0.0331
-0.4282		-0.8423		4.2060
-0.3947		-0.7896		3.3926
-0.7316		0.5154		9.1217
-0.1233		0.3322		4.1307
0.8509		0.5545		8.3570
-0.5231		0.4149		1.6616
0.7053		0.5213		1.6480
0.3299		0.9862		2.3137
-0.7658		-0.3687		4.1252
0.9004		-0.2232		1.0685
0.6210		0.4197		0.1000
-0.0846		0.1020		4.2880
-0.5159		0.2344		2.2249
0.7085		-0.5010		4.5407
-0.1029		-0.9613		6.5705
0.4419		0.3922		4.6133
-0.9911		0.2644		3.7721
0.2699		0.0418		0.3183
-0.0540		0.6414		7.1592
-0.2929		0.7433		8.8451
0.7217		-0.4265		7.0618
-0.3727		0.6129		4.3829
-0.2067		-0.6121		8.6989
0.7530		0.2420		2.8872
0.9811		0.6677		2.1563
0.2138		-0.9086		2.0044
0.5733		-0.0649		0.4812
-0.2651		0.8794		4.9592
-0.2240		-0.2095		4.7752
-0.5017		0.2739		1.8688
0.6316		-0.1353		1.7917
-0.3027		-0.6140		1.2476
-0.3970		-0.4096		5.4498
0.2213		-0.7577		7.9235
-0.0971		0.8623		2.8358
-0.1410		0.1799		3.7511
0.3989		-0.0207		5.7991
-0.7529		-0.3106		6.3402
-0.5857		-0.6458		2.0887
0.7307		0.1308		4.4416
0.1934		-0.2408		5.2018
-0.5496		0.1960		1.5559
-0.2749		0.5209		3.1990
-0.6241		0.5980		6.3792
-0.5219		0.5644		2.7950
-0.7399		0.2222		5.0934
0.1934		-0.4891		1.1752
-0.3700		-0.1296		3.1069
0.3673		0.0696		5.6006
0.3371		0.7802		7.0259
-0.8377		0.5869		0.0563
0.7444		-0.2155		3.2048
-0.1071		0.1130		4.3004
0.5352		0.5198		6.3804
-0.9292		-0.8289		7.5956
0.4836		-0.8113		5.0166
-0.3729		-0.0429		5.2860
0.7987		0.3513		9.4514
-0.5703		0.0204		3.0735
0.3590		-0.1387		0.9031
-0.5160		0.7287		0.1138
0.5377		0.8582		2.9005
0.4851		-0.6391		3.4507
0.0112		-0.5977		8.9357
-0.1574		-0.8149		7.4111
-0.2772		0.8649		3.0481
-0.8257		-0.4106		2.1309
0.6600		-0.5480		3.3413
-0.7387		-0.2691		4.4407
0.7780		-0.6860		3.0474
0.9224		0.6773		0.9365
-0.8202		0.0949		5.5423
-0.5398		0.1751		8.2907
0.3886		0.0727		5.1448
0.4363		-0.0487		2.6628
-0.0768		0.8392		4.8457
0.0532		0.7711		4.2056
0.7662		0.8373		1.7868
0.1945		-0.4667		1.7374
-0.4182		0.4749		6.5288
0.6561		0.8769		0.9322
-0.3265		0.2620		2.4980
0.7310		-0.6126		7.5479
-0.8715		0.0455		5.4691
0.2455		0.7245		0.7315
0.8282		-0.0772		1.3413
0.3071		-0.4923		3.0090
0.6153		-0.5142		1.3940
0.6769		0.1767		3.9642
-0.6163		-0.1984		1.4660
-0.0103		0.6595		4.2865
-0.1611		0.5003		2.1834
0.5002		-0.0714		1.8072
0.1896		0.5231		1.5176
0.3126		-0.0387		4.4733
0.6187		0.5581		1.3922
0.4839		0.7253		0.3294
-0.0919		0.4052		1.7720
0.0259		0.6565		0.4920
0.2529		0.2412		3.0598
-0.9034		-0.1764		4.2661
0.5739		0.1738		2.8979
0.6995		-0.0955		1.1981
0.3297		-0.9628		5.4753
-0.4458		0.5328		2.9958
-0.4614		0.0586		0.4248
0.4308		-0.0130		1.9140
0.6907		0.0362		3.4380
0.0801		0.5664		3.3568
-0.6874		-0.5010		3.6213
0.0206		-0.4656		2.8218
0.2694		-0.7649		0.6248
-0.0397		0.1916		0.6466
-0.2805		-0.0241		2.7922
-0.4436		-0.3249		1.2349
-0.3013		-0.7871		9.0143
-0.5373		-0.4562		2.2021
0.2896		0.3444		2.0570
0.3706		-0.2326		3.1982
0.3796		-0.8146		3.5088
-0.5733		-0.2925		2.6174
0.7960		0.3131		2.0125
0.0165		-0.9353		3.5130
-0.4619		0.2744		0.6484
-0.0483		0.9844		4.4991
-0.5435		0.4752		1.2453
-0.1711		-0.7957		1.0433
0.2743		0.3547		1.7843
-0.5957		-0.0068		4.1010
-0.2493		-0.2957		2.5351
0.2437		0.2341		5.3875
-0.3485		-0.7706		2.2308
0.4143		0.2173		2.1699
-0.8449		-0.0412		7.8668
0.2636		0.1041		0.8116
0.0621		-0.0848		5.4125
-0.0086		0.3370		0.3501
0.6064		-0.2223		1.3173
0.9765		-0.7309		7.6540
0.3529		0.8340		1.3721
0.9172		-0.2732		1.6520
-0.0291		-0.1242		6.8277
-0.1714		-0.1249		4.0162
0.0376		-0.7638		5.9623
-0.0603		-0.3263		1.4608
0.2109		0.4930		2.1799
0.7730		-0.5636		1.6529
-0.8988		0.2234		0.8091
0.2064		-0.5813		2.3281
0.3960		0.3203		1.9798
-0.9223		0.0445		2.1287
-0.7237		-0.2178		5.1174
0.0068		-0.6567		2.2690
-0.0939		0.5508		0.3392
0.5741		0.0224		4.9878
0.7697		0.6731		8.7773
0.7430		0.8771		9.7677
0.2778		0.1721		1.7801
-0.7044		0.1510		5.1169
-0.0712		0.7517		0.6764
0.6754		0.0648		1.5429
0.0828		-0.2472		0.6575
-0.3831		-0.8687		6.0902
0.2943		-0.0093		8.8610
0.7062		-0.8309		2.3708
0.5249		-0.2708		2.6299
0.7023		-0.6464		0.8588
-0.3037		0.1352		7.0401
0.0952		0.7212		0.1620
-0.7845		-0.5793		2.9042
-0.9577		0.5645		3.8882
0.0847		-0.7067		3.0537
-0.2244		-0.5365		6.9185
-0.4195		-0.5249		3.2240
-0.0920		0.0185		8.5447
0.1660		0.7724		0.6700
0.0183		0.8690		5.2776
-0.1538		-0.0043		1.5984
0.8708		0.2966		3.8991
-0.4299		0.8448		1.6238
-0.0885		-0.4199		4.4036
-0.4089		0.3244		1.3006
0.4102		0.6791		4.8214
-0.8483		-0.3907		0.3686
0.1510		-0.6396		0.6405
-0.4695		0.7460		2.2660
-0.2701		-0.6641		0.0172
-0.4709		0.5074		2.4812
0.6439		-0.8208		2.2613
-0.3684		0.6732		5.8587
0.1149		0.1778		5.8617
-0.2035		-0.4949		4.5897
-0.3547		0.3542		8.2634
0.7740		0.5602		8.6988
-0.5204		-0.5007		7.7434
0.1558		-0.8347		4.8868
0.2960		-0.1839		2.5246
-0.5630		-0.0509		6.5394
-0.7845		0.2154		1.5857
0.4245		-0.8777		0.2913
-0.2486		-0.4861		7.4973
-0.0890		-0.4520		3.2177
0.9133		-0.1061		6.4154
0.8596		0.6721		9.8292
-0.1988		-0.3041		0.4544
0.0139		0.6394		4.5255
0.3155		0.6112		7.1202
-0.9882		0.4176		4.1021
-0.0991		0.1595		6.9911
0.4401		-0.4817		1.3493
-0.4230		0.0721		6.7482
-0.4126		0.3172		8.3442
-0.3170		-0.0838		1.8947
-0.6727		-0.7150		2.5726
-0.1838		0.7512		4.6313
-0.8887		0.6566		4.5371
0.5213		-0.6036		8.8242
-0.1035		-0.4591		2.9106
-0.3497		0.2034		4.5104
-0.3537		0.3056		2.8082
0.3336		0.3412		4.5373
-0.6529		0.3584		0.7923
-0.3948		-0.8173		6.4607
0.0073		-0.9830		5.3320
-0.7562		-0.3658		0.2305
-0.8895		-0.5438		7.5335
0.5185		-0.7519		8.8033
-0.0449		-0.5362		1.7143
-0.6282		-0.1109		5.0535
0.3889		-0.3613		0.6560
-0.2217		0.1315		4.8175
-0.4414		-0.0464		3.6520
-0.6961		0.1749		2.6030
-0.6135		0.2041		8.6139
0.1465		-0.2817		1.5633
0.7301		-0.5268		4.0378
0.2517		0.6634		3.6846
-0.6235		-0.1688		1.4149
0.7277		0.3781		4.6889
-0.5613		-0.7256		0.0578
-0.9015		0.4115		4.3140
0.2932		-0.7758		5.6800
0.6345		-0.4335		5.4504
-0.9124		-0.2898		3.8804
-0.1393		-0.6089		1.5132
0.4124		0.6707		5.8192
-0.8529		0.7027		4.2726
-0.3075		0.0201		4.9187
-0.7452		0.0686		2.5850
-0.7224		0.4367		6.6443
-0.0133		0.1279		4.1854
-0.2933		-0.6889		2.8135
0.9457		0.2225		2.5243
0.1168		0.8829		6.0265
-0.9021		-0.4186		1.3273
-0.1703		0.6918		3.2526
-0.1802		-0.0007		7.2205
0.0384		0.5437		2.2186
-0.7113		-0.9665		7.9292
0.5416		0.2042		0.8944
-0.7550		0.2334		0.3468
-0.9706		-0.4885		1.5423
0.5644		-0.6147		2.8963
0.4636		-0.6712		5.6786
0.1197		-0.2544		1.3650
-0.9630		-0.9435		0.3810
0.0272		0.5343		8.5957
-0.9187		0.5280		6.6541
-0.9598		0.0393		3.1917
-0.7136		0.4162		5.2824
0.5369		0.7579		2.6012
0.6952		0.1746		0.5067
0.5921		0.1054		5.5358
-0.3913		0.3175		0.4747
-0.6678		0.6489		0.2083
0.2646		0.4737		4.9654
-0.8637		0.5547		4.8229
0.1907		-0.1345		0.1311
0.6822		-0.5430		2.0403
-0.5007		-0.1871		2.5138
0.0200		-0.3443		9.2467
0.6592		-0.4133		6.3881
-0.7720		-0.2050		0.5627
0.4021		-0.3418		2.4039
-0.3451		-0.3608		0.4196
-0.4132		-0.3596		7.3220
-0.5162		-0.3170		4.8525
-0.2877		0.5023		0.1568
-0.6915		-0.5300		6.7862
0.9074		-0.0705		6.8668
-0.1876		0.9470		5.6745
0.5149		-0.5083		0.2038
-0.2224		-0.2593		9.5101
-0.8507		-0.4312		7.1326
0.3829		0.8071		2.5064
-0.0754		0.0081		4.4514
0.9964		0.3568		3.6246
0.6832		0.2523		5.0331
-0.2389		-0.9303		3.7510
0.5400		-0.0170		5.5493
0.2465		0.8395		6.2469
-0.6822		-0.1972		6.8057
-0.7743		-0.8813		1.7013
-0.3500		0.9146		3.0386
-0.8838		0.4594		0.8605
0.5874		0.2905		0.8437
0.8048		0.0195		5.6447
-0.6213		-0.0234		0.0687
0.8318		-0.4414		3.1705
-0.9068		0.1876		7.6860
-0.6323		0.7236		6.5560
-0.5879		0.4632		1.3767
-0.0173		-0.7052		0.5361
-0.5787		0.5936		4.4955
-0.9568		0.1675		2.6697
0.6152		0.6666		4.8501
0.7836		0.2153		1.3274
-0.7793		-0.6623		3.9645
0.1703		-0.8993		4.7733
0.2450		-0.8485		2.9727
-0.2399		0.4324		0.0363
0.0363		-0.6489		8.8389
-0.8008		0.2140		0.7472
-0.9445		-0.0738		2.7385
0.7638		0.5029		4.7694
0.0974		0.8407		3.1024
-0.1057		0.5333		2.7239
-0.8004		0.3009		2.4742
0.0029		-0.3658		1.3515
0.0441		-0.3003		1.3734
0.1006		-0.2651		3.8185
0.6516		-0.8919		0.5797
0.2077		0.1394		3.9257
0.5381		0.6756		4.4659
-0.3790		0.4294		4.1503
0.4904		0.4478		8.7332
-0.4251		0.3084		6.4375
0.4304		0.7884		2.3898
0.1763		0.3221		6.1927
0.3983		-0.0540		5.0949
-0.6101		-0.2568		0.4927
0.8392		0.9380		2.5242
-0.2401		0.1910		2.1215
-0.2866		-0.8301		0.1913
0.1518		0.4440		2.4899
0.7754		0.3382		9.5975
-0.4284		-0.4398		1.6053
-0.7601		-0.4062		1.0279
-0.2050		0.7873		5.3463
0.0669		-0.6512		2.5697
0.1846		-0.4025		2.7718
-0.0587		0.2839		1.5594
0.9869		0.2477		1.5587
0.3502		-0.3683		0.5170
-0.0459		0.6415		1.5808
0.3661		-0.7681		1.4180
-0.0619		-0.9509		5.3068
0.3043		-0.8659		5.7490
0.9043		0.4418		3.3907
-0.6334		-0.3453		9.1752
-0.6267		0.6300		8.3755
-0.0164		-0.5750		6.0028
-0.8424		-0.6801		0.4647
-0.5125		0.2683		8.1557
-0.2485		-0.7048		2.7120
-0.8160		-0.3233		7.2530
-0.1391		0.5290		0.7972
-0.7308		-0.2895		0.3510
0.2004		-0.3230		3.5020
0.3560		0.5758		6.5356
-0.4883		-0.4670		1.1548
0.3713		0.8588		1.2319
0.4809		0.7220		3.9799
0.8678		-0.0082		1.5211
-0.1766		-0.7834		0.0606
-0.3182		0.7199		1.3356
0.3651		-0.4333		3.1641
0.9824		0.4458		5.4486
0.1767		-0.2684		5.1073
0.1982		-0.5565		4.7787
0.3830		0.1580		6.9871
-0.4832		-0.6316		1.3118
0.4431		-0.5345		5.6685
-0.5142		0.5314		0.0610
-0.4925		0.0214		6.0072
0.1521		0.6853		1.4118
0.5108		-0.5782		9.5174
0.4989		-0.6140		0.2214
0.3568		0.4790		3.4820
0.1146		-0.5003		7.5739
0.3042		-0.1131		7.8343
0.4350		-0.4003		0.0159
-0.4444		-0.4070		7.1177
-0.9380		0.2669		3.7869
-0.7293		0.3916		5.7634
0.8183		0.3791		6.7976
-0.8594		-0.5183		4.9524
0.1701		-0.1310		1.9118
-0.4065		-0.5156		2.8871
-0.5138		-0.9262		6.3934
-0.9934		0.2249		5.2742
-0.1020		0.9837		0.7858
-0.5713		-0.7231		5.1251
0.3889		-0.6353		6.2693
0.4557		0.8151		2.6326
0.9260		-0.1978		7.1669
-0.4166		0.9169		5.0299
-0.5583		-0.6759		2.8394
0.6886		0.6594		6.6080
-0.8616		-0.6755		2.0949
-0.1599		-0.1210		5.6604
0.1388		-0.1305		1.2740
-0.8683		0.7993		0.9580
-0.2103		0.5177		4.9616
0.1545		0.8935		8.8864
-0.9796		0.5226		4.2955
0.5470		0.0564		1.4762
0.2395		-0.6085		3.0365
0.3425		-0.8963		0.4478
-0.0670		-0.2378		0.0338
0.5344		-0.1145		1.2030
0.0091		-0.6922		4.0850
0.3572		-0.6172		8.9158
-0.8422		-0.6333		5.3447
-0.9985		-0.0822		8.4289
0.9061		0.4075		8.0544
-0.3784		0.8857		4.5303
-0.5343		-0.6774		0.3500
-0.5875		-0.3649		0.7179
-0.0856		0.4887		6.2512
0.3692		0.4745		0.0203
0.6086		0.2087		4.1629
-0.5964		0.5026		3.3515
-0.1425		-0.7615		3.4025
0.7310		0.1921		5.2399
0.8821		-0.5778		4.3348
-0.1944		-0.3684		2.6006
0.5065		-0.0848		1.3374
0.1748		-0.7351		5.3900
-0.5424		0.7325		2.6582
-0.3905		-0.2627		5.1950
-0.1717		-0.4578		4.8514
0.4624		0.1606		5.5691
-0.5995		-0.7031		1.4593
0.0818		0.4900		6.7504
-0.5182		0.4269		3.7644
0.2129		0.0183		2.5156
0.0120		0.2349		1.6497
-0.7313		-0.0072		6.7886
-0.3422		0.3214		5.4435
0.1831		0.7606		3.6169
0.0008		-0.1617		5.6234
-0.3438		-0.3191		0.2320
0.0632		-0.8535		5.8253
-0.7357		0.1122		4.4849
-0.4793		0.8003		3.2804
0.6519		0.2968		2.0467
-0.9685		-0.8037		4.3603
0.2366		-0.5531		5.2606
0.9826		0.2736		0.2529
0.2604		0.5716		1.6430
0.6618		-0.1991		1.2782
-0.3861		-0.1496		0.1436
-0.0672		-0.5358		6.3485
-0.0375		-0.5995		4.8503
0.1239		-0.0767		0.3067
0.5367		0.9517		9.0822
-0.8523		-0.3338		6.7960
-0.5468		0.5032		8.3672
0.1877		-0.4681		4.0845
-0.2557		-0.9347		2.7465
0.8308		-0.3270		0.9019
-0.4212		-0.1156		4.8440
0.4043		0.5465		7.2090
-0.5263		-0.1332		4.6432
0.3318		0.0930		1.7414
0.8273		-0.5014		8.6038
-0.1451		0.5875		9.4466
0.6487		0.2064		5.8275
-0.4329		0.3923		7.6713
0.6663		-0.2671		3.5246
0.5962		0.4835		4.7185
-0.3293		-0.5440		6.7979
0.3735		-0.3181		0.7093
-0.4943		0.8166		2.3733
0.8054		-0.8235		2.8982
-0.3137		-0.2233		8.3026
0.6913		-0.1931		0.6057
0.0386		-0.2740		2.9567
0.1544		0.2875		1.3828
-0.8024		-0.8309		0.6324
0.1193		0.3991		4.1600
0.3635		0.7714		2.1119
-0.8169		0.8483		6.7693
-0.1761		-0.8476		4.8273
0.2399		0.9016		1.0789
-0.4531		0.4904		4.3081
0.8900		0.4326		0.9473
-0.8558		-0.4346		0.4400
-0.0012		-0.7136		3.7600
0.3333		-0.1149		5.0357
-0.0586		0.5228		6.9026
0.8996		0.9200		1.5027
-0.3995		-0.0329		1.2256
0.0758		-0.0019		8.3821
0.0342		-0.4335		0.8780
-0.3954		-0.5105		1.6640
-0.1277		0.0246		0.0898
-0.8733		0.4574		4.9495
-0.6826		-0.2585		5.5564
-0.1408		-0.9866		0.4695
0.3214		0.9112		5.0065
0.8507		0.5430		3.3377
-0.7609		0.4321		7.9806
-0.8245		0.3427		0.9926
0.2008		0.8331		5.5212
-0.4663		-0.3268		1.8018
-0.5354		0.4432		4.8909
-0.9206		-0.1917		0.0161
-0.8469		-0.3251		3.0261
0.6578		-0.0190		2.6769
0.4290		-0.0003		2.3812
-0.4715		-0.3895		6.0486
0.2157		0.4095		5.3161
0.6644		-0.3828		2.8606
-0.2790		0.5141		8.7273
-0.9515		0.8784		4.6963
-0.0033		0.5602		1.3035
-0.9193		-0.0591		4.0453
-0.7168		-0.2031		1.6176
0.5629		0.7085		4.5585
-0.1289		0.3451		5.9568
-0.4137		0.6299		2.7806
-0.4814		0.2203		4.5445
-0.1587		-0.0413		3.5306
-0.1253		0.4420		0.7003
0.5883		0.2938		6.7101
0.9863		-0.8190		2.4719
0.7272		0.2356		1.3046
0.9677		0.2257		1.2473
0.5222		0.0739		3.1858
-0.0828		0.5241		6.6880
0.9102		-0.1106		5.1970
0.0891		0.7133		0.6390
-0.0420		0.4169		6.2854
0.0439		-0.4525		0.4469
-0.3366		0.5220		1.0355
0.5282		-0.5221		3.0430
-0.1378		-0.3946		3.5295
-0.0676		0.4068		1.0771
-0.5998		-0.1712		4.6120
0.4984		-0.0041		3.8477
-0.1028		-0.5063		4.4535
-0.2895		0.1972		6.3954
-0.1712		0.8601		6.0551
-0.2747		-0.5971		1.9966
0.4044		0.5680		8.0009
0.0301		0.2784		2.1616
-0.1259		-0.9215		0.6105
0.1670		0.3593		4.9714
-0.0347		0.3610		1.7608
0.3587		0.1154		8.0366
-0.7232		0.8033		6.5549
0.2034		0.4997		3.8925
-0.0658		0.3686		4.0151
-0.5157		0.9499		0.1194
-0.2320		-0.3477		3.5647
-0.6294		-0.6148		2.4257
0.8586		0.4572		2.8084
0.7801		0.7378		7.1679
-0.4710		-0.2688		2.1050
0.8504		-0.3713		2.0510
0.3632		0.7763		4.0895
-0.5174		-0.1173		2.0112
0.6523		0.0188		5.3656
-0.3913		0.6904		3.6716
-0.5625		0.2270		4.6918
-0.8042		-0.0309		2.6181
0.8952		0.1283		0.7102
-0.2474		0.5830		0.2694
-0.2942		0.8099		9.4382
0.5339		0.4968		5.4211
0.0816		-0.8494		6.4404
-0.9433		0.5001		4.9484
-0.0761		0.3699		5.1498
-0.2679		0.5790		6.4363
-0.3999		-0.1242		3.0158
-0.0637		-0.8610		7.3784
0.8125		0.0109		4.1949
-0.0717		0.8147		9.7250
-0.3775		0.3762		4.5430
-0.6303		0.4483		5.8587
0.4746		0.1295		0.6595
0.4359		0.5358		5.5362
0.7065		0.9284		1.7496
0.5542		0.4955		0.7033
-0.0429		0.6357		0.5246
-0.0995		0.2822		6.5927
0.5342		-0.0189		9.0125
-0.6091		0.6660		6.4861
-0.7260		0.8845		6.1417
-0.5756		0.1225		3.8259
-0.9174		0.5657		2.4208
0.4128		-0.1273		2.7659
-0.8132		0.4935		6.0501
-0.3726		0.7015		0.0935
-0.5516		-0.0512		5.3720
0.6986		-0.5329		9.2641
0.8579		-0.7087		0.0011
-0.4542		-0.3590		3.1704
0.4585		0.4307		7.3826
-0.5420		-0.6971		5.0042
-0.1408		0.3044		1.8664
-0.6091		0.8233		1.0040
0.3709		0.0029		7.5119
-0.4955		-0.2571		8.0534
0.4917		-0.7452		2.2735
0.4903		0.4095		2.5038
0.0899		0.7233		5.5073
-0.4231		-0.6273		1.2826
-0.0080		0.9652		1.3103
-0.4668		-0.4797		4.2845
-0.1629		-0.8552		5.6510
0.7115		0.1685		5.9479
0.6756		0.4000		2.6388
0.6863		0.5403		1.2787
-0.1425		-0.5499		4.6149
-0.1316		-0.3758		0.7142
0.8976		0.3616		7.6617
-0.5330		-0.3562		0.4013
-0.2853		0.8639		9.2448
-0.5058		-0.0829		2.5655
0.5849		-0.2194		8.8846
0.8948		-0.2431		0.4782
0.3777		-0.4632		0.0136
-0.5500		0.9557		2.8307
-0.5296		0.3754		4.0495
-0.7493		-0.4811		0.4566
-0.6360		0.0067		5.6843
0.2914		-0.0380		8.8449
0.2167		0.1171		2.0964
0.4250		0.1900		6.6731
0.8095		-0.5954		0.0318
-0.2848		-0.8608		0.3936
-0.8032		-0.4104		4.0273
-0.0583		-0.1243		3.8144
0.6836		-0.2055		2.7798
-0.4446		0.8366		2.9902
0.5187		0.5133		1.4015
-0.2304		-0.9370		4.2734
-0.4560		-0.7535		0.7353
-0.0256		0.8636		7.9196
0.3364		0.4977		0.3941
-0.5309		0.0125		1.6327
0.8327		0.5212		1.4363
0.1034		0.1795		5.8306
-0.7602		-0.0623		7.1437
-0.2026		0.1091		2.5978
0.5239		-0.1194		0.1335
0.6663		-0.4603		3.5268
-0.1787		-0.3144		1.1115
0.6764		0.2912		3.3971
-0.3930		0.2636		6.4546
0.7172		0.6757		4.7564
-0.2308		0.5995		8.6811
0.5963		0.1129		5.0833
0.8673		-0.2835		9.0157
-0.8419		-0.4766		8.4974
0.4776		0.0259		3.8595
-0.0510		-0.6647		7.2404
0.0019		0.7034		4.8244
0.1675		-0.5334		5.9984
-0.7036		-0.3984		0.1579
-0.0638		0.2439		6.9926
0.8993		-0.0600		8.5903
0.8095		-0.0868		0.0260
0.4458		-0.1235		3.0586
-0.4628		-0.0593		1.0912
-0.5226		-0.1253		3.3477
0.1794		0.9095		1.5498
0.1685		-0.8558		3.7198
0.6285		0.7244		6.4165
-0.7835		-0.0521		4.6150
0.3083		0.7917		2.4024
0.2357		0.5682		0.2104
0.5201		0.8989		4.9784
-0.3125		-0.1682		6.0176
-0.4497		-0.2264		1.1598
0.3515		-0.6252		4.4500
-0.0258		0.9850		4.4444
0.6663		-0.6542		4.3948
0.9886		-0.8231		1.0529
0.3723		-0.8477		3.2342
0.3310		0.0688		0.3957
-0.6719		0.5423		7.9177
-0.7330		0.9177		0.8633
0.1957		-0.7729		2.8138
-0.6108		-0.4364		0.9234
-0.3991		-0.3864		0.5044
0.0216		0.8948		4.0131
-0.0881		0.5019		0.2942
-0.2970		0.1691		3.7525
0.8454		-0.3326		0.3654
0.0320		0.8298		7.2643
-0.0706		-0.0039		3.8384
0.3285		0.7832		6.3200
0.1417		0.8276		5.9931
-0.3141		-0.3704		1.8191
-0.1385		0.5281		1.4637
0.9171		0.5573		5.3899
-0.7313		0.2115		5.5253
0.2166		0.8047		0.0142
-0.7099		0.4487		0.6350
0.8491		-0.0981		7.7501
-0.6731		-0.1994		5.5234
-0.4498		-0.4097		3.4186
-0.6001		-0.0603		1.4685
0.0503		-0.4531		1.4504
0.1357		0.5101		1.0634
-0.6632		-0.2715		2.5760
-0.0922		0.7821		8.9975
0.2813		0.5061		4.2842
0.3151		0.8103		2.0159
-0.7149		-0.1088		0.5256
0.8516		-0.0197		6.3175
0.5440		0.7410		1.0216
0.1477		0.4397		7.4662
0.8604		-0.4186		2.8307
0.7954		-0.9774		7.3261
-0.1068		-0.0136		4.2211
-0.0600		-0.5150		4.2024
-0.2221		0.4911		8.9202
0.4119		0.7167		7.0637
0.6966		-0.6279		3.7712
-0.2472		-0.3997		6.2775
-0.5949		0.5731		0.5403
-0.5449		-0.5669		1.2384
0.9170		0.0665		7.7184
-0.1221		-0.1442		4.6647
0.4362		-0.2990		3.0763
0.5172		0.2146		0.2093
0.3697		-0.0029		1.1478
0.1995		0.4297		2.9561
-0.1186		-0.2772		4.3407
-0.6741		-0.6184		0.8234
0.9725		0.8555		3.1151
-0.3733		0.9955		1.1672
0.3471		0.8087		1.6565
0.4752		0.3875		6.6394
-0.3891		0.7212		2.8299
-0.2817		-0.4443		9.5209
-0.3271		0.8897		1.8639
-0.2636		0.6051		0.3737
-0.5818		0.6874		5.9469
-0.9203		-0.4434		6.8402
-0.0403		0.7224		1.4996
0.7022		-0.3433		4.6550
0.9696		0.6080		3.1352
0.8053		-0.4165		0.6100
-0.7838		-0.1006		0.9135
-0.3282		-0.9532		3.4375
0.1162		-0.4324		2.7093
0.1277		-0.4551		0.0593
0.2937		0.5258		5.7092
0.4635		0.1259		1.7742
0.2965		0.3645		8.0016
-0.7762		0.1512		4.9016
0.1747		-0.4287		2.3432
0.2845		-0.1382		1.7539
0.2213		-0.0472		1.7530
0.1908		-0.3552		6.7539
0.8503		0.7659		2.8966
-0.5826		-0.2167		6.2191
0.1897		0.1484		3.3296
0.2950		-0.7190		0.7841
-0.5491		0.4836		5.7427
0.4214		-0.2109		2.0901
-0.8891		-0.8092		1.0278
0.8823		-0.7597		0.6394
0.2760		-0.3352		4.9043
0.3994		0.0460		6.3889
-0.2174		-0.3028		3.3355
0.7447		0.2346		5.4381
-0.4570		-0.2369		9.4513
-0.5111		-0.8605		5.6892
-0.2070		-0.6514		0.0262
0.6714		0.8284		5.4556
0.5672		0.9961		0.1025
0.6806		0.0109		2.0154
0.0476		-0.8487		8.2792
0.9121		0.6026		3.6326
-0.0876		0.5853		3.6391
0.0591		-0.8781		0.3001
0.1075		-0.1489		8.5938
0.2855		0.9613		4.9833
-0.2398		-0.3502		0.8911
0.6005		0.3669		0.0216
-0.5645		-0.1318		3.7877
0.4295		0.5643		0.1655
-0.4657		-0.3560		1.9721
-0.1073		0.7105		7.7610
-0.8970		-0.1792		0.0772
0.9857		0.0917		1.4804
-0.7848		-0.9689		4.6104
-0.2516		0.2879		7.0432
-0.1846		0.5554		1.9231
0.2500		0.7820		0.0699
-0.3998		0.2912		2.8029
0.3727		0.3134		6.0339
-0.7621		0.8011		7.8112
-0.4059		-0.8605		2.1796
0.2576		0.8106		5.2930
0.4734		-0.9018		0.0545
-0.7260		-0.5901		9.0625
-0.2346		-0.2895		4.3792
-0.6784		0.0589		1.1324
0.5157		0.8972		0.8293
-0.1153		0.3846		6.0816
0.5923		-0.5340		1.6720
-0.9421		0.1922		7.6539
-0.1746		0.2698		1.4007
0.1724		-0.3956		3.3954
0.4261		-0.3179		7.6581
0.1725		0.6921		1.5829
0.8731		-0.5603		0.9841
0.3177		0.4363		2.9308
-0.4359		0.4865		6.1175
-0.2104		0.4555		2.1472
-0.1042		0.0349		6.4825
-0.0678		-0.3742		5.9090
0.4965		-0.0079		1.0159
0.8139		-0.0629		7.5887
-0.5177		-0.9291		4.8852
-0.2170		-0.8135		1.6128
0.2015		0.9542		0.6174
0.6944		0.3282		1.2729
-0.0772		-0.9255		0.7657
0.4882		0.0347		0.8320
0.0541		-0.8861		2.8543
-0.7815		0.3558		2.5076
-0.5612		-0.3977		7.9806
0.2148		0.2527		2.0963
-0.9287		-0.2402		7.5269
-0.0153		0.3083		4.6650
-0.6945		0.5206		3.7529
0.0093		0.2844		9.5666
-0.6472		0.6129		5.3582
-0.1259		0.4341		0.0278
0.1430		0.0566		6.4378
0.9778		0.5456		2.1242
0.6917		-0.7041		1.0631
0.3748		-0.6926		0.5774
0.7525		-0.1645		0.8786
0.8497		-0.2934		7.7770
0.0925		0.2446		0.7430
-0.8569		-0.3474		3.8672
0.1524		0.5434		4.1312
0.4404		-0.4251		0.3261
0.4309		-0.6582		4.9541
-0.8388		-0.1433		5.7813
0.3528		-0.8339		1.6585
-0.0076		0.6952		2.3283
-0.2541		-0.7265		6.8728
-0.7820		-0.9409		6.1817
0.8861		0.1352		3.2173
-0.6985		0.3123		4.2042
0.5048		0.2268		1.8724
0.7306		0.4083		2.3586
-0.1234		0.0905		2.7910
-0.1193		0.0816		1.2660
0.4851		-0.7989		7.4005
0.6426		-0.1099		8.2320
0.4860		-0.7305		1.2353
-0.9462		0.7970		6.1405
0.4855		-0.4918		5.4785
0.2844		-0.9247		0.5021
-0.3919		-0.9154		0.2512
-0.6563		0.5603		8.5061
0.7773		0.3627		0.3035
-0.2942		-0.4890		7.7235
-0.4031		-0.2132		1.6078
0.0481		-0.8729		1.0318
0.1761		-0.0965		3.3967
-0.6412		-0.6644		1.5647
0.1484		0.6561		2.3675
0.3657		-0.1998		1.6093
-0.1786		-0.4745		1.6271
0.0521		0.7411		1.8402
-0.1690		0.8059		0.3920
0.7912		-0.2432		1.3097
0.1033		0.5789		3.5417
0.1038		-0.5333		1.6725
0.9563		-0.1160		8.7761
-0.6412		0.1990		0.3132
0.0750		0.9838		2.5561
0.8075		-0.8420		2.4641
0.4013		-0.0899		5.1131
0.5021		0.0686		0.8870
-0.7480		0.5588		3.3366
0.2776		-0.1232		4.3195
0.5908		0.2320		2.2460
-0.4935		0.8577		7.5227
0.0237		0.4085		9.9043
-0.2131		-0.3676		0.6881
-0.4574		0.1399		2.3745
0.5491		0.5279		1.0534
-0.1431		0.1079		0.6089
0.2411		0.7727		7.3839
-0.6870		0.5563		1.2653
-0.6018		-0.3519		2.7036
-0.4063		0.0290		8.4929
0.9744		-0.9660		1.7602
0.2133		0.4965		6.3748
-0.2487		-0.8343		2.2049
0.6463		0.2089		3.7695
-0.2837		0.6502		5.8345
-0.3342		0.0795		0.6288
0.4008		-0.1117		3.3718
0.4905		0.5820		5.1708
0.9777		-0.5038		7.9017
0.8281		0.2562		3.8107
-0.7818		0.2985		1.5190
-0.7718		0.9222		3.7455
0.3746		-0.5973		9.6303
-0.7146		-0.0441		0.8919
-0.6266		-0.3590		0.0280
-0.8016		-0.0461		7.4170
-0.1100		-0.0338		5.6411
0.6653		-0.5177		2.3956
0.5565		-0.6140		0.2621
-0.8245		-0.4276		7.1440
-0.1315		-0.8075		1.0846
0.1836		0.1917		1.5699
-0.6783		0.9213		3.7997
-0.4524		0.8018		2.5366
-0.1190		-0.8203		4.4952
-0.5956		0.1020		3.8978
0.8474		0.0640		6.6565
0.2774		0.7151		1.4306
-0.0601		-0.0904		1.1330
0.5397		-0.4558		0.7035
-0.5778		0.2727		1.5267
0.4170		-0.3534		0.2893
0.8934		0.3054		2.6974
0.8457		0.1068		0.4278
-0.3571		0.6668		5.2354
0.7249		-0.0455		1.3910
-0.0141		-0.5126		4.6677
0.2211		0.9982		0.2916
0.6389		0.4994		7.7245
-0.0419		0.4862		2.5173
0.7385		-0.0116		1.8645
-0.1710		-0.5005		2.0665
-0.1724		-0.1370		8.4127
-0.7043		-0.9258		2.0726
0.2447		-0.2782		3.0051
0.2516		-0.7080		1.8497
-0.8620		-0.1055		9.9131
0.5131		-0.3117		0.3188
0.2993		0.0943		8.8906
0.7647		-0.3617		2.7210
-0.5536		0.4215		2.1011
-0.8033		-0.5023		0.5961
0.4798		0.3164		7.6059
-0.9602		-0.3602		3.8057
-0.0630		0.4902		1.9167
0.5285		-0.7327		1.8968
0.4919		-0.0659		4.0760
0.6359		0.0231		1.5107
-0.8840		-0.0575		2.4432
0.1238		0.2818		5.5709
0.4206		-0.6564		3.7210
0.4108		0.4261		0.3132
-0.3805		0.8036		4.1855
0.5076		0.1835		4.5383
-0.7323		-0.8554		0.1383
0.7503		-0.5848		5.7558
-0.5950		-0.4298		7.5350
0.2122		0.5025		0.0655
0.8768		0.4126		4.5524
0.5288		-0.7276		1.4071
0.1965		-0.7809		0.0573
0.1144		-0.8309		2.4821
-0.9112		-0.3115		2.0553
0.6351		0.0108		0.1335
0.3218		-0.8304		2.1501
-0.4518		-0.5070		2.4319
0.1651		-0.5320		4.4083
0.3758		0.2283		0.0309
-0.7505		-0.6422		2.3466
0.6158		0.9834		2.0782
-0.5926		-0.1944		0.4633
0.6973		-0.5562		0.3205
-0.5461		0.3836		3.4947
0.1854		-0.4372		2.5555
0.8170		-0.2387		1.8585
-0.3900		0.5920		7.9398
-0.4345		0.5613		1.9775
-0.5707		0.0604		5.1419
-0.1550		-0.5182		3.5942
0.7126		0.2049		2.8557
-0.6441		-0.5203		1.9292
0.5293		0.6144		0.8875
-0.6238		0.1001		4.4874
-0.7784		0.1603		2.4416
0.3494		0.1432		2.4691
-0.2643		0.9424		2.5375
-0.8426		0.1215		0.2622
0.1291		-0.7648		3.3629
-0.1615		0.4119		3.0793
-0.4627		0.4867		3.7359
-0.5797		-0.8730		0.2378
-0.5355		0.8114		3.4178
-0.5895		0.5948		2.0417
-0.0552		0.5016		0.3374
0.4069		-0.2938		1.4605
-0.9779		0.3862		0.2791
0.4069		0.2177		4.1104
-0.2056		0.4558		1.6545
0.4812		0.0174		1.9518
0.3260		-0.0241		0.2419
-0.6584		0.5506		2.7607
-0.0623		-0.3772		2.2400
-0.0839		0.5596		8.0745
-0.3683		0.6926		0.2363
-0.7742		0.0846		1.9912
0.6297		0.6095		2.7183
-0.2610		0.5353		8.4503
0.8654		0.1945		7.2257
0.4154		-0.4069		2.6645
-0.4038		-0.2491		1.9442
-0.7658		-0.3449		5.6010
0.4979		-0.9056		0.8477
0.7056		0.4509		0.1840
0.0872		-0.7823		5.8101
0.0377		-0.5104		1.3111
-0.8468		0.8853		8.2858
-0.1412		0.7492		0.5641
0.1382		0.5255		2.1885
0.2438		0.8093		5.7780
-0.4791		0.5259		2.2601
0.7832		-0.1983		2.1930
0.9321		0.4857		0.1503
0.0252		-0.9701		2.4298
0.1556		0.1381		4.6688
0.2978		0.1319		0.3369
-0.7465		0.2355		2.7743
0.1972		0.3137		3.7462
-0.4670		0.4849		3.4585
-0.7343		0.5118		2.6314
-0.4141		0.5583		7.1244
0.8866		0.5938		6.2075
-0.7815		-0.1181		0.8084
-0.5638		-0.9507		3.8418
-0.4024		-0.6574		0.2755
0.4725		-0.2847		9.0256
-0.8032		0.8757		2.3937
-0.2823		-0.6945		7.3840
0.4342		0.8612		0.6326
-0.7725		0.8138		1.8009
0.5904		-0.1947		0.0447
-0.5800		0.6888		3.9665
0.0723		0.4231		7.6249
-0.0067		0.2305		6.1935
-0.4213		-0.3354		3.8636
-0.3650		-0.7327		2.4232
0.4311		-0.2431		7.1860
-0.6529		0.7879		4.5893
-0.1302		0.9652		0.2654
-0.5512		-0.3957		3.5980
0.1347		-0.7983		3.6006
-0.8047		-0.5878		1.5287
-0.9927		0.0988		0.6787
-0.0192		0.7993		0.2943
0.2484		0.8046		4.0115
-0.9525		0.7883		4.0715
0.7445		0.8220		5.0256
0.7841		0.1224		3.3622
0.7251		0.5840		5.1837
0.4098		0.5229		2.5995
0.4078		-0.1723		0.5117
-0.4002		-0.4779		6.3982
0.0406		-0.4255		3.3885
-0.9088		-0.0679		7.3562
-0.9312		-0.2792		2.0788
-0.4098		0.1989		9.8281
-0.5449		-0.9081		5.6181
-0.4217		-0.0275		9.7360
0.4553		0.0524		1.3525
-0.3853		0.4928		0.7299
-0.4377		-0.5856		1.9239
-0.2710		-0.9420		0.2081
-0.0218		-0.4710		1.0763
-0.4551		-0.4891		3.1008
0.8858		0.9656		2.1545
0.6043		0.7252		0.0896
-0.3610		0.1419		5.4434
-0.6613		0.4920		3.7529
0.3619		-0.0829		2.1641
-0.2103		0.5309		3.6463
0.8562		0.4895		1.4048
0.3279		0.0199		0.9794
0.8007		0.1809		5.1950
0.2672		0.1612		7.5660
-0.9873		0.2146		5.0978
0.0180		-0.6379		3.2044
-0.8468		0.0916		0.8738
0.6821		0.0724		2.2039
0.3741		0.5847		2.1303
-0.0947		-0.8952		1.8957
-0.1781		-0.8962		1.2486
-0.2883		0.3854		6.7141
-0.9281		-0.0931		4.6236
0.7669		0.1008		0.8124
-0.4244		-0.6011		5.8957
-0.3698		-0.6156		8.7853
0.4347		-0.6545		3.4453
-0.6325		0.2475		5.4967
0.6340		0.5439		5.2068
0.3231		-0.6468		1.1638
0.9021		-0.0342		8.4884
0.2165		-0.2877		3.0025
0.3299		-0.5347		1.4080
0.3644		-0.0975		6.3900
0.4051		-0.6934		5.9344
0.7238		0.0110		5.3634
0.2962		0.1891		3.6442
0.6352		0.5310		3.8019
-0.0625		-0.1534		3.0407
-0.6391		0.0751		2.4345
-0.2196		0.5023		2.3916
0.1820		-0.8965		8.2899
0.6036		-0.5948		3.7983
0.1443		-0.8846		5.3296
-0.0696		0.1984		0.1122
-0.6148		-0.2739		7.5754
-0.6160		-0.2623		6.1456
0.8552		0.3629		6.7496
-0.0627		-0.7490		3.3236
-0.1121		0.9270		2.3596
-0.6677		-0.4211		4.7482
-0.5209		-0.0738		0.8791
0.3796		-0.2468		0.4924
0.8804		0.1732		1.6923
0.5680		0.4827		2.6912
0.0665		-0.3674		1.1277
-0.4733		-0.5576		7.6635
0.4373		0.9742		2.7028
-0.5794		0.1071		5.0408
-0.2543		-0.8736		0.7321
-0.9345		0.2319		3.6586
0.8556		-0.1715		9.2944
-0.3388		0.1425		4.5931
0.2650		-0.3404		1.3586
-0.4581		0.0948		5.1307
-0.4309		-0.0937		5.1316
0.2733		0.0989		5.4391
-0.9390		0.0928		7.6069
-0.6893		0.7306		1.9259
-0.3200		-0.2463		6.6086
-0.7751		0.3043		2.4498
0.0635		0.6774		3.5460
-0.5481		-0.7968		3.1358
-0.0456		-0.0444		3.2660
0.3731		-0.9772		0.8130
-0.5479		0.0985		2.2148
0.0763		-0.9759		0.0079
-0.3053		0.2531		4.7831
-0.6377		-0.2707		4.7616
0.2949		-0.4871		1.4838
-0.5343		-0.4439		3.6527
-0.7090		0.1813		0.8162
0.2211		0.2899		5.4929
-0.7101		0.7505		0.7306
-0.1241		-0.2786		2.4520
0.0987		0.9343		4.6042
-0.8752		-0.0759		1.1664
0.8908		-0.5937		6.8562
0.6318		0.8192		5.6824
0.7254		0.2775		6.5991
-0.4292		0.8818		4.9600
-0.3761		0.8598		4.1859
0.3152		0.9379		3.7321
-0.1119		0.5837		4.5455
-0.4210		-0.6099		1.0590
-0.1160		-0.5271		2.6090
-0.1131		0.1490		1.4780
-0.5626		-0.6280		7.3114
0.2208		0.4818		1.2555
0.1459		-0.0529		1.2983
-0.4806		0.9172		4.7370
-0.9642		0.3420		3.7713
-0.2563		-0.6114		3.3754
0.8408		0.7529		4.2611
0.5374		0.4216		1.8851
0.9118		0.0043		6.1115
-0.4421		-0.7306		7.7697
0.8057		0.2786		0.9258
0.9275		0.5147		7.8637
0.8559		-0.9635		0.0526
0.6628		0.4215		6.0870
-0.1917		-0.5998		7.3114
0.5888		-0.5202		2.7105
-0.6220		0.7099		1.7712
-0.2133		0.4452		0.6660
-0.7713		-0.5930		7.3896
-0.4964		-0.2823		1.2787
-0.8875		-0.5982		0.8447
0.3164		-0.8948		0.8299
0.2495		0.9148		1.8629
-0.4254		-0.2765		0.6626
-0.1523		0.5786		2.6120
-0.5253		0.1057		0.3287
0.7690		0.4626		0.5302
-0.8274		-0.2744		3.1603
0.7001		0.3873		0.5872
-0.1948		0.5808		1.8886
0.2713		-0.7925		3.8226
0.1899		-0.6975		4.8174
-0.0659		-0.4650		4.5556
-0.7954		0.4940		9.5797
0.2595		0.7910		3.9781
-0.5021		-0.5559		0.8875
-0.1298		-0.9237		5.7025
-0.4195		0.5001		7.9689
0.7339		0.2181		5.0219
-0.1976		-0.1073		3.3247
-0.3349		-0.7000		4.8335
0.8102		0.2701		3.2655
0.7720		0.8770		2.9986
-0.5327		0.2170		1.7043
-0.5331		-0.1215		0.2344
-0.7242		-0.0754		2.5989
0.8134		-0.8764		2.8106
0.3632		0.7606		5.1413
0.3933		-0.1884		8.1678
-0.1629		0.8869		5.1826
-0.4718		0.4725		6.9351
0.2570		-0.0984		7.8250
0.0843		0.6233		5.8766
-0.3487		-0.5214		7.8225
-0.2630		0.5073		7.0116
-0.8997		-0.0019		0.5209
0.2406		0.9035		0.9830
-0.3524		0.7345		1.1365
-0.3892		0.7318		6.4609
-0.9781		-0.7039		6.7532
-0.4550		0.0680		6.8299
0.1640		0.3154		3.6169
-0.9548		0.0611		7.6721
0.5974		0.4030		1.0364
0.8167		-0.2896		2.6941
0.4318		-0.2913		2.1135
0.0798		-0.3636		6.1556
0.1920		0.7259		2.5903
-0.3083		0.9758		0.4374
-0.0689		-0.8199		3.1858
0.0186		-0.9137		1.5478
-0.4398		0.5767		0.8285
-0.7199		-0.3403		4.3613
-0.7576		0.2220		0.6615
0.1190		-0.1694		7.7369
-0.7318		-0.0500		0.3829
-0.3496		0.4671		0.1278
0.2602		0.6505		7.2351
-0.2720		-0.0750		3.8872
-0.1615		0.6167		3.0268
-0.5977		-0.6871		6.5772
0.1004		-0.2092		1.2777
0.6049		0.3527		1.0943
-0.1077		-0.2416		5.2030
0.9408		-0.0811		8.8162
-0.0811		-0.5487		6.1985
0.9179		0.0946		2.6869
-0.8089		-0.2734		4.2132
0.2734		0.1467		3.9175
-0.0276		0.3192		5.2719
-0.6188		0.4033		0.6267
0.6285		-0.3837		3.0667
0.2725		0.3018		2.1350
0.9950		0.2761		1.7061
-0.0948		0.9853		0.2022
-0.5778		0.1576		6.6091
-0.7535		0.6535		3.6835
0.1641		-0.1392		2.2743
0.8386		0.4264		1.5337
0.3045		-0.5794		4.1406
-0.6570		0.2836		6.9299
0.3649		0.8532		4.0340
-0.2383		0.7560		4.2153
0.3771		0.4001		3.7283
-0.4850		-0.1426		9.2462
0.4906		0.6761		2.3781
-0.9019		-0.1429		4.1265
-0.1314		-0.9845		2.2784
0.8731		0.2081		1.7899
-0.8016		0.8499		2.0995
0.7878		-0.7820		2.5936
-0.8428		-0.1153		5.0399
0.5562		0.1311		0.3405
-0.9501		-0.9051		0.4931
-0.6868		-0.3378		7.3710
0.8916		0.0106		3.9987
0.5103		0.2993		3.4778
0.5608		0.4718		5.8733
-0.8551		-0.2135		0.2894
-0.7695		0.2797		1.6056
-0.3081		0.6768		3.0544
0.5504		0.6760		3.5802
-0.0046		-0.5155		0.9380
-0.9607		-0.6435		2.2017
-0.6376		0.5034		2.8654
-0.2125		-0.9887		0.2199
-0.3051		-0.9398		9.8092
0.1309		-0.6284		0.0601
-0.2122		0.0259		7.1012
0.9835		0.2810		8.2526
0.0775		-0.2999		5.1207
-0.7973		0.3524		9.2356
0.9226		-0.1146		2.9918
0.7805		0.9054		0.5326
0.9140		-0.1788		0.4200
0.6872		0.2888		1.0545
-0.0590		0.9498		0.9963
0.4521		-0.0362		0.2156
-0.6330		-0.2403		0.1438
-0.5242		-0.6313		5.6134
-0.6980		-0.5945		1.4167
0.4995		0.0576		5.0120
0.6652		-0.7798		5.6321
0.9914		0.3280		2.9094
0.4375		-0.5454		0.0811
0.1322		0.5357		0.6263
-0.4559		0.3655		1.2733
-0.0928		-0.8492		6.3092
0.0901		0.9304		3.9717
-0.1638		-0.4761		4.8196
0.0775		0.0679		6.9928
0.8003		-0.9273		2.1284
0.1461		0.1210		1.6943
-0.4085		-0.4990		1.7963
-0.2490		0.6053		7.4303
0.2369		-0.2876		2.9070
-0.6975		-0.1944		2.9596
-0.8606		-0.5034		5.2153
0.9495		0.5483		4.6531
0.4920		0.0745		6.7543
-0.3557		-0.0081		4.2093
-0.1534		0.9106		6.4819
0.3167		-0.5242		3.3465
0.6884		-0.0521		5.5991
0.2116		0.6157		5.4580
0.4246		-0.6687		2.9132
0.9146		-0.0382		8.7390
0.1766		-0.9491		5.4971
-0.2209		-0.7761		1.3398
-0.7424		-0.4954		2.6437
-0.4158		0.2348		1.4669
-0.3992		-0.0144		6.0781
-0.3472		-0.1493		0.1428
-0.9173		0.2881		7.1662
-0.1625		0.3401		0.6820
-0.3282		0.5033		9.5221
-0.6486		0.5281		3.7185
-0.8982		0.5798		6.9606
0.0230		0.7533		8.1820
0.5161		-0.3006		3.4165
0.4309		-0.2079		1.5583
0.4404		0.4059		2.7703
0.0132		0.7470		1.8253
0.7063		0.3136		5.4694
-0.6405		0.7088		4.1487
-0.0734		0.0957		2.4971
-0.8289		-0.3611		3.3890
-0.2523		-0.7036		2.6979
0.7035		-0.7190		3.5277
-0.0066		0.8263		3.3092
0.2386		0.6888		3.5903
-0.7783		0.8034		5.7093
-0.0736		0.0633		0.5323
-0.0016		0.0969		6.6939
0.5097		0.5958		6.1733
-0.3613		0.2261		1.3190
-0.5169		-0.1246		0.0673
0.8978		0.4450		6.7833
0.3834		0.1938		9.5247
-0.4261		0.7606		1.4623
0.3447		0.7048		0.3650
-0.0268		-0.5186		6.4629
0.7871		0.1528		4.2303
-0.0117		-0.1379		1.4422
-0.3673		0.6627		1.7206
-0.2798		0.6820		6.2230
0.3274		0.1988		4.6913
-0.3825		-0.7061		2.6072
0.5847		-0.4403		2.1568
-0.9207		0.7115		5.3659
0.6198		0.0841		3.1608
0.5897		0.7661		2.3392
0.6970		-0.2951		2.9078
-0.1635		0.8458		5.0697
-0.5495		-0.4251		2.9644
0.4067		0.6483		2.6215
0.4163		-0.0958		7.8350
0.6130		-0.0155		4.9232
0.8222		-0.6647		4.2351
-0.4131		-0.7061		1.7544
0.2843		-0.6809		2.4251
0.9978		0.6534		0.0361
0.7313		0.3278		9.7643
0.7441		-0.3771		1.2746
-0.4862		-0.0117		1.8668
-0.6622		-0.3482		3.1551
-0.2807		-0.5619		1.9243
0.0265		-0.3579		0.5682
-0.2748		-0.1892		2.9705
0.6160		-0.8021		0.8021
-0.2295		-0.0055		3.3331
0.5827		0.0866		0.1760
0.9002		-0.9863		4.9996
0.3865		-0.4037		0.1464
-0.4985		0.6411		3.0474
0.5981		-0.0682		7.1020
-0.2191		-0.2645		0.9193
0.5433		0.1344		5.8330
0.6764		-0.6704		0.0329
-0.5234		0.6504		1.1927
0.7418		-0.1480		0.6935
-0.2110		-0.2671		1.2927
0.3215		-0.0660		5.0172
-0.2703		0.1725		4.6163
-0.2689		0.6028		2.1420
0.2779		-0.3210		2.8914
0.5352		-0.3067		3.9457
-0.3497		-0.7388		1.4086
-0.1211		0.7146		4.3619
-0.9165		0.7878		0.5571
-0.0661		0.4197		4.1355
0.6538		0.1812		0.9754
0.0604		0.6025		0.3264
-0.3905		0.0414		5.3028
0.7956		0.4386		1.5138
0.1642		-0.3482		7.7205
-0.1363		0.7454		8.2020
-0.4835		0.9007		6.8830
0.9366		0.2073		0.3311
0.4039		0.3490		2.9320
0.8810		0.0102		0.1647
-0.2652		-0.3273		1.6940
-0.5508		0.2552		9.0457
-0.7996		0.5200		1.4730
0.3848		-0.5618		2.9700
0.2199		-0.3222		0.7982
0.4934		-0.8156		6.1818
0.6227		-0.5600		3.5143
-0.3533		-0.6456		0.6640
-0.0722		0.9545		5.7527
0.3990		-0.4296		1.6799
-0.3199		0.4679		6.1241
0.6214		0.3844		5.3083
-0.6860		-0.4761		3.8186
-0.6537		-0.4606		6.2544
-0.6341		-0.6040		7.5812
0.1135		-0.5646		4.3995
-0.5818		0.4419		4.6490
-0.4356		-0.0921		5.0289
0.3130		0.8212		7.6283
0.9387		0.0572		0.5128
0.2213		-0.3395		0.3229
0.7384		-0.8338		5.1238
-0.1313		0.5642		6.0910
-0.6468		0.3398		1.6075
0.7634		0.1988		4.1154
0.3157		0.7376		6.8131
-0.3493		0.1391		1.2419
0.1461		0.9776		3.5835
-0.8947		0.2504		1.6156
-0.6298		0.1326		1.5921
-0.6212		-0.4647		0.8444
0.2828		0.3633		2.2262
-0.6911		-0.0800		2.2824
0.6626		-0.3477		0.8909
0.2323		0.8500		5.6914
-0.4712		0.2044		2.0438
-0.3534		0.5075		2.1229
0.6221		-0.0838		1.9485
0.0208		-0.2395		5.0675
-0.1903		0.6962		6.0621
-0.8833		0.8359		3.3748
0.1051		-0.3050		0.7989
0.7582		0.2912		2.7090
-0.2606		0.5719		6.4278
-0.9872		-0.8245		3.0488
-0.4062		-0.4658		7.8032
0.1597		-0.4165		0.1617
0.7501		0.2632		0.7218
-0.5049		0.6914		2.7823
0.0936		-0.1669		8.5802
-0.6561		-0.9246		3.1572
0.4459		0.0508		6.3621
-0.7983		0.7282		2.4852
-0.8303		-0.8610		0.9954
0.4723		0.6575		2.5678
0.1681		0.1566		3.6454
-0.4185		0.7642		7.3905
0.4289		-0.5907		2.4907
0.1745		-0.8628		3.2106
-0.9602		-0.6343		5.5512
0.2038		0.6162		6.4098
-0.5517		-0.2994		5.0567
-0.9359		0.2041		2.9105
-0.7298		-0.2158		0.1166
-0.6354		0.1615		4.7570
-0.3731		-0.6248		4.4306
0.5193		0.4399		6.2080
0.2933		-0.4115		2.8542
0.0488		-0.4445		2.2008
-0.7424		-0.7703		0.6135
-0.6330		0.2647		5.9570
-0.6447		-0.2363		3.3706
0.0001		-0.8122		6.7202
-0.3792		-0.2924		4.9022
0.5040		0.3185		4.2321
-0.1003		0.8040		0.9577
-0.6149		0.5609		4.0065
-0.1834		-0.7696		5.1589
0.7822		0.2406		4.2494
-0.9188		-0.4917		4.1356
-0.5065		-0.1271		8.1212
0.9596		0.2157		3.7232
0.8580		0.4855		0.8096
-0.7350		-0.4650		4.9984
-0.4726		-0.9624		4.8795
0.7637		-0.2637		8.5393
-0.6613		-0.7755		3.0139
-0.5377		0.7137		5.2364
-0.7812		0.3350		5.3831
0.2247		0.1678		1.3746
-0.7771		0.0813		0.0423
-0.3086		-0.5361		7.4682
0.3920		-0.2962		0.4811
0.3509		-0.6990		4.9448
0.3854		0.3581		3.4136
0.6622		-0.1854		1.7669
-0.9632		0.2065		4.1472
0.2893		-0.0664		5.7664
0.2160		0.1884		4.0432
0.0731		-0.4150		3.3965
-0.5487		-0.8057		4.8088
0.5883		-0.5312		4.9328
-0.9176		0.3623		7.2572
-0.2948		-0.5814		0.6213
0.3379		-0.2941		2.7913
0.5144		0.9665		1.3726
0.1146		-0.8977		0.1418
-0.3781		0.2309		1.8356
0.3632		-0.6995		7.2081
0.6553		-0.7475		2.1410
0.9643		0.2479		3.8315
-0.0953		-0.4551		1.9114
0.8186		0.1899		1.7427
0.7552		-0.2669		0.7096
0.4570		0.4879		5.5848
0.7520		-0.7220		0.4385
-0.0850		0.2789		4.1906
-0.5008		0.6631		1.7480
