3.47249
-0.982576
-0.575123
1.61838
-0.733427
-0.0376117
1.72206
0.656646
0.100545
0.643167
0.706127
0.408726
-0.479909
0.857442
0.0492686
-0.959833
-0.0613222
-0.273255
-0.766604
-0.795407
-1.87598
-0.430116
-0.862698
1.58671
0.201714
1.27198
0.427653
-0.00347258
0.152625
-0.906695
-0.534458
-1.18803
-1.53067
0.380308
0.599017
0.350858
0.564818
-1.28399
0.522321
-1.23828
-1.12997
0.0060055
-0.81414
-0.556619
-1.384
-1.13529
0.119053
-1.38961
-0.547185
1.23525
-0.748403
-0.171735
-1.07704
-0.252277
0.487199
-0.951528
-0.14895
-1.69188
-0.492169
0.0154545
-0.906218
0.0275999
0.645744
-0.342549
-0.991143
-0.100165
0.326166
0.460967
0.519244
-0.0537662
-1.34005
-0.415905
-1.3093
-0.159806
-0.0634751
-0.203812
0.763933
0.317638
2.06302
-0.330756
0.957393
-1.07671
0.655961
0.953148
-0.276408
0.310639
-0.394263
-1.68324
0.287301
0.169752
-0.00276353
0.594187
-1.06011
-1.72449
-0.493613
-1.16681
-0.69966
-0.302705
-0.150706
0.252763
0.370768
-0.169751
0.140811
0.573525
0.364838
0.483895
-1.30375
-1.16043
-1.58042
0.915644
-1.14772
-0.479606
-0.913211
-1.07037
0.424542
0.482238
-0.874202
-0.160311
1.80499
1.11775
-1.12223
-0.0389442
-0.319579
1.28428
-0.920502
0.466642
0.313058
2.1357
-0.149219
0.858653
2.56488
0.104349
-0.65599
0.3557
0.191467
-0.64726
-0.872032
-0.136679
-1.0396
2.71857
-1.16621
0.389507
-1.91417
-0.279347
0.945961
-0.571592
0.279821
-0.717904
-0.225383
0.461277
1.0242
0.383352
-1.39582
-1.17083
-0.0521026
0.765079
-0.0702547
1.58336
2.07072
-0.427328
-0.832117
-0.40471
0.394921
0.475399
0.279122
-1.28199
0.72659
0.629752
-0.702645
-0.633544
1.76074
-0.193234
-0.423206
-3.48161
1.12092
-2.67375
-0.97072
-2.26311
0.27005
0.61271
0.289285
1.82206
-0.00725227
0.0749431
-0.0963787
0.562317
0.201785
0.475521
1.68418
-1.98338
-0.582547
1.12415
-0.52635
-0.468912
-0.521691
1.56408
1.02844
0.685045
0.0960044
-0.231398
-0.798223
-1.43159
-0.553623
-2.05846
-0.702296
-0.293361
-0.113295
-0.321355
-0.150553
-1.18556
0.861166
-0.974556
-0.575383
-0.943617
1.52074
0.470332
-1.10908
-0.659553
-0.25473
-0.333925
0.601844
-0.589301
0.506
0.000886189
-1.18298
-1.03087
0.471716
0.584851
2.04671
0.515178
0.143958
0.469963
1.69913
0.248657
0.740371
1.3632
0.409602
0.442558
0.197262
1.67514
-0.982521
-0.42595
1.6629
-1.22836
0.303654
1.71484
2.17635
-1.47037
0.00582389
0.469682
0.134104
0.219806
0.50045
-0.0937548
0.18725
-1.45467
0.353887
-0.285147
-0.768985
-2.84381
-0.0108569
-0.873047
-2.00914
1.30227
0.639089
-0.139547
-0.207754
0.709083
-0.156732
-0.874272
0.19453
-1.11377
-0.473761
-0.0327407
1.54711
1.50583
-1.44913
0.285653
0.0369154
0.317778
-1.12334
0.372474
-1.10699
0.393251
-0.627335
-0.300744
0.228046
0.439048
0.136667
-2.06425
-0.898922
2.37283
0.185783
0.352541
0.240001
0.0381592
-0.437951
-0.261739
1.19504
0.743777
0.250898
-1.96448
-2.24916
0.519978
-0.624955
0.633175
4.03512
0.673816
-0.0376569
0.929568
0.312802
1.296
-1.58475
0.640471
-0.315562
-1.78901
0.759449
0.983649
-0.398637
-1.39277
-0.763401
-1.02588
-0.250245
0.0792915
0.884198
-1.74162
-1.1856
0.189632
0.963553
-0.825143
-0.710429
2.73969
-0.647664
1.23757
1.02307
-0.505564
-1.83367
0.543001
-0.864639
0.0224558
-2.02299
0.447424
0.891098
0.867922
-0.0462589
0.0941759
0.77509
-0.423779
0.522298
-0.186971
0.935533
1.60375
0.137956
0.55488
-0.309805
0.380882
-1.68838
-1.01323
1.20219
0.587525
1.77024
-0.175662
-1.11683
-0.152728
-0.0823129
-0.227279
-0.591209
-0.587301
1.69144
0.857277
1.85948
3.45359
1.618
-0.679039
-2.4729
-0.139049
0.451074
-0.00879725
-2.03352
0.961167
-1.23434
-1.32157
1.22766
-0.135964
1.32192
0.135926
0.704488
0.89854
0.0827064
-1.59697
-1.60741
1.27696
-1.0498
-0.0434471
-1.49619
-0.57943
1.49736
0.0182996
0.162459
0.844158
0.374292
-0.498061
-1.66659
-0.668292
0.564806
0.442612
0.267008
-1.04388
0.824763
0.426867
1.05507
0.879858
-1.46738
-1.48487
1.22905
0.700031
-1.47353
1.04547
0.756638
0.481409
-0.723954
-0.096459
1.52547
0.425959
-0.101243
1.21506
0.188187
-1.87841
0.730186
-0.397564
0.277001
-0.780542
0.368584
0.179969
0.849892
1.77835
-0.248712
2.70194
0.661758
-0.129721
-0.264227
-1.15819
0.0818158
0.967617
1.38956
0.936958
-0.13604
-0.621471
0.424458
0.72857
0.428764
0.00988622
0.974742
0.311822
-0.106647
0.138316
-0.343015
0.402386
1.38539
-0.594615
-1.16892
1.82751
0.51707
-0.142037
0.332416
-0.336283
-0.712141
-0.523641
0.554403
-1.66993
-0.0186916
-1.39668
-1.16495
2.4628
-0.371665
0.722053
1.30526
-0.263382
0.904502
-0.388121
-0.624338
-0.338527
0.681782
0.221843
-0.0264648
0.44948
-0.444575
1.05352
0.963627
-0.996152
-0.460926
1.64665
-1.30834
-0.735519
1.08306
-0.359514
2.16574
-1.85267
0.948854
0.0420842
-0.0264978
1.79882
1.75209
0.472754
1.08387
-0.110965
-0.433275
-1.56186
-0.120021
-0.781183
-0.397215
0.12563
-0.474328
1.24255
-0.024901
-0.654208
1.8664
1.34464
-0.749732
-0.445869
-0.563093
-1.0691
-1.28567
-0.869324
-0.500457
1.1331
-0.276292
0.801782
-0.838697
2.21093
1.18941
-1.22729
-0.373833
0.14024
0.497828
0.368732
-0.350231
-1.4128
-0.838681
0.573916
0.656796
0.731109
-0.688893
0.434376
1.21069
-0.340259
0.0791506
0.00710786
-0.482991
0.31218
-2.05592
0.457487
-0.176888
-0.729564
2.24536
-0.505597
-0.0134076
0.670114
1.23643
-1.69242
-0.18263
-0.748866
-0.0398705
-0.975551
-1.3419
-0.294293
-1.98015
-0.440598
0.07833
-0.0584228
1.16248
-0.111792
-0.00674166
-0.263188
1.20618
0.631245
-1.23234
-0.258678
1.0051
0.939266
1.52723
-0.688425
0.357685
-0.0166654
-1.45064
0.772689
-1.7266
0.527646
1.55909
0.526008
0.76133
-0.867824
-2.46138
1.0068
1.40054
-0.699617
-0.877518
0.628235
-0.976049
2.33775
2.11639
0.404739
-2.07987
0.705009
-0.365025
0.0225515
0.639924
0.171147
-0.556191
-0.214623
2.07616
-0.342827
0.0447659
1.01191
1.85404
-0.646725
-0.054335
-0.157778
-0.307073
-0.830651
0.127778
-0.657119
0.125949
1.12864
-0.702353
-1.00642
-0.778106
-1.1938
0.671381
-1.00151
-0.0592507
0.113887
1.16988
-2.11657
0.107962
-0.473217
0.802281
1.13455
0.638666
-1.32649
-0.520407
0.350784
0.180405
0.561661
0.370002
-0.737307
1.90629
1.82725
-0.547936
-0.93349
-0.487681
2.16073
0.172337
1.013
-1.06062
-0.100584
0.273808
-0.899765
-0.404807
0.269993
0.987079
-0.892027
-1.87687
-0.503261
-1.14895
-0.611602
1.14627
-0.330546
1.2494
-0.232648
1.18442
0.379839
-0.716042
0.0722299
-0.54256
-1.31459
1.51045
-1.16662
-0.386214
-1.49831
0.364394
0.502802
-0.426307
-0.320663
-0.484849
0.0972511
-1.28962
-0.023727
-0.443359
0.552631
1.18351
-0.271468
1.05482
-0.0909089
0.0678249
-0.0167283
-0.619503
0.209747
-1.57733
1.74292
0.743552
-1.71991
-0.00391481
-1.62309
0.154967
1.75477
0.305009
0.0717796
0.519355
-0.892126
0.135821
0.429181
-1.0248
1.63296
-0.889651
0.203196
1.04085
-1.24341
0.456114
0.827566
0.406034
-2.35118
-0.81943
0.348963
-1.77116
0.461264
0.461844
0.444521
-0.262841
0.416794
0.340818
1.77577
2.44302
-1.28531
-1.49168
-0.18657
1.61693
0.548547
-0.0832446
-1.69714
0.670007
0.463108
-0.803226
-0.257204
1.68164
-1.89719
1.52013
1.02337
0.419972
1.11656
0.39172
-0.118607
-0.509432
-0.379876
-0.583932
-0.719096
-1.92667
0.390919
0.559286
0.305307
-1.1482
-0.118645
1.42098
-1.17076
-0.243442
-0.642417
0.768324
0.433913
-1.9301
-0.0216785
1.37255
0.536053
0.32713
0.197652
0.329661
0.614036
0.362043
-0.0910785
0.290507
-0.660459
0.873044
-0.742227
-0.124492
1.14663
-0.831741
0.0594144
-1.14299
0.200365
-0.637513
-0.814178
0.132884
1.04245
0.0340214
0.146619
0.429259
3.08302
-0.921969
-1.19144
-1.48764
0.312634
-0.483162
1.22565
0.864979
-0.176638
0.0618883
-0.118935
0.333868
0.167771
1.73751
1.32882
0.527017
-0.313322
0.478315
-0.848456
0.298659
-0.21793
0.929135
0.692142
0.533367
-0.347059
0.914558
0.679459
-1.65701
0.0716302
0.296947
-0.609949
0.844618
-0.72193
1.30343
-0.647012
-0.872974
-2.24443
1.0512
0.308143
1.06192
-1.07985
1.13918
0.550045
-1.32464
-2.03869
0.781152
-1.87966
0.0115257
-1.39423
0.750434
1.13865
1.17513
1.19278
1.13793
-0.103659
1.29477
0.120402
-1.58933
0.230527
0.161034
0.759221
-0.537226
-1.74075
-0.257005
-0.576138
0.865849
0.0179027
0.490604
-0.0133401
-0.114207
-0.198115
-1.7593
-1.33339
-0.269347
-1.10134
1.86145
0.884085
-0.451035
1.77425
-1.27997
-1.26509
-0.503639
-0.429724
1.07123
0.0574305
0.293674
2.08713
0.832658
-0.845867
-0.108755
0.178896
-0.789519
0.485748
-0.587026
-0.916362
-0.259778
-0.982783
0.85101
-1.38092
0.353899
-0.736056
0.202129
1.09981
1.49651
0.920693
-0.0486094
0.348837
-0.909634
-0.0772442
-0.4979
0.436584
0.589832
0.188784
0.0698326
0.87506
2.22291
-0.456887
0.269898
0.704889
0.809779
-1.47636
0.126878
-2.35322
0.787941
0.493134
1.79389
0.0411613
-0.366068
-0.044226
-0.176529
2.67904
0.256339
0.789221
1.88887
-0.0303897
-1.311
2.04033
-1.17059
0.332587
-0.862339
-0.795781
-2.18062
-0.340735
-0.412163
0.588181
-0.338444
-2.03304
-1.11844
0.219175
0.623724
1.0968
-1.09392
-1.62185
-0.237213
-0.700983
-0.0690648
1.13692
-0.113769
-1.46419
-0.484352
-0.0179466
0.648628
0.509468
2.11685
-0.468368
0.856721
-1.61218
0.662412
-0.51445
-1.32199
1.5104
0.66464
-1.2813
0.583754
-0.803806
1.78774
0.671919
0.642147
0.025196
-1.35757
0.385411
-1.38931
0.603521
0.0818242
0.672285
1.08603
-1.81591
-1.32174
0.399554
1.745
-0.0323879
1.07986
-1.37348
0.578553
1.04039
0.911127
0.571853
-0.232061
0.349404
0.0597348
-0.326496
-0.376136
0.248243
-1.29601
-0.593724
